0.889763779527559
0.3571428571428571
0.9029535864978903
0.7133333333333334
0.8681818181818182
0.7508305647840532
0.7631578947368421
0.7533333333333333
0.8794117647058823
0.6835443037974683
0.8481012658227848
0.5590551181102362
0.9302325581395349
0.7552742616033755
0.7533333333333333
0.8794117647058823
0.5772727272727273
0.6910299003322259
0.7952755905511811
0.5772727272727273
0.7719298245614035
0.8582677165354331
0.9523809523809523
0.8433333333333333
0.3755274261603375
0.23611111111111116
0.37662337662337664
0.23611111111111116
0.8481012658227848
0.6910299003322259
0.3755274261603375
0.6029411764705883
0.3755274261603375
0.7894736842105263
0.8794117647058823
0.6578947368421053
0.8433333333333333
0.91005291005291
0.35789473684210527
0.7533333333333333
0.888235294117647
0.7508305647840532
0.7508305647840532
0.37662337662337664
0.7508305647840532
0.3015873015873016
0.3755274261603375
0.3015873015873016
0.7133333333333334
0.9282700421940928
0.6835443037974683
0.5772727272727273
0.6029411764705883
0.7241379310344828
0.37662337662337664
0.3015873015873016
0.8681818181818182
0.6578947368421053
0.7133333333333334
0.6835443037974683
0.7133333333333334
0.7631578947368421
0.8033333333333333
0.8033333333333333
0.7533333333333333
0.7952755905511811
0.8888888888888888
0.8526315789473684
0.9605263157894737
0.7133333333333334
0.9029535864978903
0.8681818181818182
0.810126582278481
0.37662337662337664
0.9029535864978903
0.5590551181102362
0.7772727272727273
0.6835443037974683
0.9282700421940928
0.3571428571428571
0.5344827586206897
0.5772727272727273
0.23611111111111116
0.6029411764705883
0.5772727272727273
0.7674418604651163
0.5772727272727273
0.8794117647058823
0.7772727272727273
0.3571428571428571
0.9029535864978903
0.3755274261603375
0.35789473684210527
0.3755274261603375
0.6710526315789473
0.8033333333333333
0.5590551181102362
0.7133333333333334
0.7952755905511811
0.23611111111111116
0.810126582278481
0.7617647058823529
0.8676470588235294
0.8888888888888888
0.7772727272727273
0.7617647058823529
0.6910299003322259
0.8831168831168831
0.7631578947368421
0.5590551181102362
0.9523809523809523
0.8976377952755905
0.5590551181102362
0.5590551181102362
0.7719298245614035
0.8604651162790697
0.8794117647058823
0.9029535864978903
0.8433333333333333
0.7617647058823529
0.810126582278481
0.6029411764705883
0.8033333333333333
0.9302325581395349
0.7552742616033755
0.8676470588235294
0.6029411764705883
0.8354430379746836
0.8604651162790697
0.8433333333333333
0.35789473684210527
0.7772727272727273
0.9791666666666666
0.3015873015873016
0.5772727272727273
0.7772727272727273
0.5344827586206897
0.9482758620689655
0.810126582278481
0.7674418604651163
0.9236111111111112
0.6029411764705883
0.3015873015873016
0.5772727272727273
0.961038961038961
0.7952755905511811
0.8354430379746836
0.5590551181102362
0.3755274261603375
0.7617647058823529
0.3015873015873016
0.7241379310344828
0.5590551181102362
0.5772727272727273
0.889763779527559
0.5772727272727273
0.7508305647840532
0.6029411764705883
0.23611111111111116
0.7533333333333333
0.7952755905511811
0.9029535864978903
0.5344827586206897
0.7674418604651163
0.9302325581395349
0.3755274261603375
0.7508305647840532
0.7508305647840532
0.6578947368421053
0.3571428571428571
0.8604651162790697
0.37662337662337664
0.7952755905511811
0.873015873015873
0.7533333333333333
0.8866666666666667
0.888235294117647
0.3755274261603375
0.3015873015873016
0.91005291005291
0.8354430379746836
0.7674418604651163
0.8433333333333333
0.8794117647058823
0.5772727272727273
0.8976377952755905
0.7617647058823529
0.7133333333333334
0.9029535864978903
0.23611111111111116
0.7552742616033755
0.8676470588235294
0.9282700421940928
0.9090909090909091
0.8681818181818182
0.7533333333333333
0.5772727272727273
0.8604651162790697
0.7133333333333334
0.8888888888888888
0.8354430379746836
0.9029535864978903
0.7674418604651163
0.7674418604651163
0.8676470588235294
0.9302325581395349
0.3755274261603375
0.9137931034482758
0.8676470588235294
0.5590551181102362
0.8681818181818182
0.7674418604651163
0.7133333333333334
0.37662337662337664
0.8681818181818182
0.6029411764705883
0.8582677165354331
0.873015873015873
0.9523809523809523
0.888235294117647
0.7617647058823529
0.7552742616033755
0.3015873015873016
0.9029535864978903
0.7133333333333334
0.7133333333333334
0.7552742616033755
0.7133333333333334
0.8354430379746836
0.888235294117647
0.9523809523809523
0.3015873015873016
0.6029411764705883
0.7508305647840532
0.6029411764705883
0.7674418604651163
0.7674418604651163
0.3755274261603375
0.7508305647840532
0.7674418604651163
0.8794117647058823
0.8433333333333333
0.7617647058823529
0.3571428571428571
0.8033333333333333
0.6910299003322259
0.8681818181818182
0.873015873015873
0.5772727272727273
0.8794117647058823
0.7508305647840532
0.873015873015873
0.6029411764705883
0.6029411764705883
0.6029411764705883
0.9029535864978903
0.8481012658227848
0.6835443037974683
0.9029535864978903
0.7674418604651163
0.35789473684210527
0.8481012658227848
0.9137931034482758
0.6029411764705883
0.8681818181818182
0.6029411764705883
0.873015873015873
0.5772727272727273
0.3015873015873016
0.7674418604651163
0.873015873015873
0.91005291005291
0.7508305647840532
0.888235294117647
0.5344827586206897
0.7533333333333333
0.7772727272727273
0.7772727272727273
0.5772727272727273
0.6578947368421053
0.9578059071729957
0.3015873015873016
0.91005291005291
0.5590551181102362
0.3015873015873016
0.8033333333333333
0.6835443037974683
0.8433333333333333
0.9029535864978903
0.7631578947368421
0.9029535864978903
0.8866666666666667
0.7617647058823529
0.35789473684210527
0.3015873015873016
0.8681818181818182
0.8433333333333333
0.5772727272727273
0.7533333333333333
0.8866666666666667
0.8794117647058823
0.8033333333333333
0.6029411764705883
0.888235294117647
0.5344827586206897
0.3755274261603375
0.23611111111111116
0.7133333333333334
0.6029411764705883
0.5772727272727273
0.5344827586206897
0.6710526315789473
0.7617647058823529
0.5590551181102362
0.7617647058823529
0.7133333333333334
0.7133333333333334
0.7617647058823529
0.8794117647058823
0.8681818181818182
0.8676470588235294
0.7133333333333334
0.5772727272727273
0.8681818181818182
0.7533333333333333
0.37662337662337664
0.8831168831168831
0.8433333333333333
0.888235294117647
0.7719298245614035
0.23611111111111116
0.7617647058823529
0.9302325581395349
0.8866666666666667
0.8354430379746836
0.6710526315789473
0.8481012658227848
0.7952755905511811
0.8888888888888888
0.7552742616033755
0.7508305647840532
0.8033333333333333
0.6910299003322259
0.9236111111111112
0.6835443037974683
0.3015873015873016
0.35789473684210527
0.7133333333333334
0.6029411764705883
0.9263157894736842
0.7508305647840532
0.3755274261603375
0.7952755905511811
0.7533333333333333
0.5344827586206897
0.3015873015873016
0.3015873015873016
0.8681818181818182
0.9282700421940928
0.3755274261603375
0.3015873015873016
0.3015873015873016
0.7133333333333334
0.8866666666666667
0.8033333333333333
0.23611111111111116
0.7674418604651163
0.7617647058823529
0.888235294117647
0.9263157894736842
0.3015873015873016
0.8831168831168831
0.6029411764705883
0.8526315789473684
0.35789473684210527
0.3015873015873016
0.9263157894736842
0.35789473684210527
0.6578947368421053
0.5590551181102362
0.7631578947368421
0.35789473684210527
0.3571428571428571
0.888235294117647
0.8033333333333333
0.7543859649122807
0.7631578947368421
0.8604651162790697
0.961038961038961
0.8831168831168831
0.3571428571428571
0.3015873015873016
0.5344827586206897
0.6029411764705883
0.7533333333333333
0.3015873015873016
0.6578947368421053
0.7533333333333333
0.6835443037974683
0.7772727272727273
0.8433333333333333
0.5590551181102362
0.873015873015873
0.7617647058823529
0.3755274261603375
0.961038961038961
0.7533333333333333
0.8866666666666667
0.7552742616033755
0.37662337662337664
0.3755274261603375
0.3015873015873016
0.23611111111111116
0.873015873015873
0.23611111111111116
0.6578947368421053
0.6835443037974683
0.3755274261603375
0.91005291005291
0.8354430379746836
0.7617647058823529
0.8866666666666667
0.810126582278481
0.3755274261603375
0.6029411764705883
0.6910299003322259
0.889763779527559
0.3015873015873016
0.8033333333333333
0.8676470588235294
0.873015873015873
0.7772727272727273
0.8831168831168831
0.8582677165354331
0.7617647058823529
0.9722222222222222
0.8794117647058823
0.6910299003322259
0.6710526315789473
0.3015873015873016
0.7133333333333334
0.6029411764705883
0.8481012658227848
0.7533333333333333
0.9282700421940928
0.888235294117647
0.3755274261603375
0.8676470588235294
0.7674418604651163
0.23611111111111116
0.7133333333333334
0.5344827586206897
0.5772727272727273
0.810126582278481
0.7533333333333333
0.8676470588235294
0.3015873015873016
0.8676470588235294
0.6029411764705883
0.8033333333333333
0.9282700421940928
0.3015873015873016
0.3015873015873016
0.35789473684210527
0.6029411764705883
0.3015873015873016
0.8794117647058823
0.6029411764705883
0.8976377952755905
0.6835443037974683
0.6910299003322259
0.6835443037974683
0.7617647058823529
0.3755274261603375
0.7772727272727273
0.8831168831168831
0.8433333333333333
0.5590551181102362
0.7533333333333333
0.3571428571428571
0.6910299003322259
0.3755274261603375
0.23611111111111116
0.8033333333333333
0.6910299003322259
0.3755274261603375
0.6835443037974683
0.9090909090909091
0.3755274261603375
0.37662337662337664
0.888235294117647
0.7508305647840532
0.6029411764705883
0.7133333333333334
0.3755274261603375
0.6835443037974683
0.9263157894736842
0.37662337662337664
0.3571428571428571
0.6710526315789473
0.6578947368421053
0.7617647058823529
0.9578059071729957
0.23611111111111116
0.8676470588235294
0.5590551181102362
0.6578947368421053
0.810126582278481
0.9302325581395349
0.888235294117647
0.7533333333333333
0.8604651162790697
0.8831168831168831
0.37662337662337664
0.7533333333333333
0.5772727272727273
0.5772727272727273
0.9090909090909091
0.6578947368421053
0.37662337662337664
0.7617647058823529
0.23611111111111116
0.8976377952755905
0.6710526315789473
0.7772727272727273
0.888235294117647
0.5772727272727273
0.8681818181818182
0.3015873015873016
0.9578059071729957
0.5772727272727273
0.7617647058823529
0.8604651162790697
0.6910299003322259
0.9523809523809523
0.7552742616033755
0.6029411764705883
0.3755274261603375
0.6910299003322259
0.8961038961038961
0.8794117647058823
0.7772727272727273
0.888235294117647
0.7674418604651163
0.6029411764705883
0.6029411764705883
0.6710526315789473
0.8481012658227848
0.6835443037974683
0.8033333333333333
0.7952755905511811
0.7617647058823529
0.7674418604651163
0.37662337662337664
0.9473684210526316
0.6835443037974683
0.888235294117647
0.6835443037974683
0.3015873015873016
0.5590551181102362
0.7508305647840532
0.7508305647840532
0.9578059071729957
0.5590551181102362
0.3755274261603375
0.23611111111111116
0.8481012658227848
0.7552742616033755
0.7772727272727273
0.5772727272727273
0.8433333333333333
0.810126582278481
0.9090909090909091
0.7552742616033755
0.7533333333333333
0.7133333333333334
0.37662337662337664
0.3755274261603375
0.7508305647840532
0.23611111111111116
0.8976377952755905
0.35789473684210527
0.6835443037974683
0.7552742616033755
0.6910299003322259
0.8794117647058823
0.810126582278481
0.7772727272727273
0.9090909090909091
0.3755274261603375
0.5590551181102362
0.7631578947368421
0.7674418604651163
0.7674418604651163
0.9029535864978903
0.5772727272727273
0.7133333333333334
0.6029411764705883
0.3755274261603375
0.7552742616033755
0.8433333333333333
0.888235294117647
0.9523809523809523
0.3755274261603375
0.5344827586206897
0.3015873015873016
0.6910299003322259
0.8481012658227848
0.7508305647840532
0.7674418604651163
0.3755274261603375
0.5590551181102362
0.7552742616033755
0.7772727272727273
0.3755274261603375
0.7241379310344828
0.3755274261603375
0.8961038961038961
0.5772727272727273
0.6910299003322259
0.3755274261603375
0.5772727272727273
0.7719298245614035
0.6910299003322259
0.8433333333333333
0.9029535864978903
0.6835443037974683
0.7508305647840532
0.3755274261603375
0.23611111111111116
0.3015873015873016
0.5772727272727273
0.5590551181102362
0.23611111111111116
0.8481012658227848
0.9282700421940928
0.8866666666666667
0.7508305647840532
0.6910299003322259
0.23611111111111116
0.8604651162790697
0.6710526315789473
0.7133333333333334
0.5772727272727273
0.3755274261603375
0.8866666666666667
0.9029535864978903
0.7552742616033755
0.3015873015873016
0.9302325581395349
0.23611111111111116
0.6029411764705883
0.8866666666666667
0.7552742616033755
0.23611111111111116
0.8582677165354331
0.5772727272727273
0.7617647058823529
0.7617647058823529
0.35789473684210527
0.7617647058823529
0.810126582278481
0.23611111111111116
0.8033333333333333
0.7674418604651163
0.6835443037974683
0.6710526315789473
0.5772727272727273
0.35789473684210527
0.37662337662337664
0.7674418604651163
0.8604651162790697
0.8033333333333333
0.37662337662337664
0.35789473684210527
0.6910299003322259
0.8831168831168831
0.7617647058823529
0.9029535864978903
0.6835443037974683
0.3755274261603375
0.7508305647840532
0.3755274261603375
0.7772727272727273
0.3755274261603375
0.3015873015873016
0.5590551181102362
0.8794117647058823
0.37662337662337664
0.8794117647058823
0.3755274261603375
0.8681818181818182
0.8976377952755905
0.7552742616033755
0.3755274261603375
0.8676470588235294
0.6029411764705883
0.7508305647840532
0.8033333333333333
0.3755274261603375
0.9473684210526316
0.810126582278481
0.9236111111111112
0.7617647058823529
0.7617647058823529
0.9090909090909091
0.9029535864978903
0.9523809523809523
0.5772727272727273
0.5772727272727273
0.7631578947368421
0.7133333333333334
0.6910299003322259
0.7772727272727273
0.35789473684210527
0.7617647058823529
0.8794117647058823
0.5590551181102362
0.35789473684210527
0.6910299003322259
0.8681818181818182
0.8604651162790697
0.3015873015873016
0.3755274261603375
0.7133333333333334
0.9236111111111112
0.8866666666666667
0.35789473684210527
0.8793103448275862
0.7552742616033755
0.8866666666666667
0.7552742616033755
0.6910299003322259
0.8033333333333333
0.8681818181818182
0.7617647058823529
0.9302325581395349
0.3755274261603375
0.6910299003322259
0.7133333333333334
0.3015873015873016
0.91005291005291
0.5772727272727273
0.5590551181102362
0.6910299003322259
0.7533333333333333
0.8433333333333333
0.8481012658227848
0.6029411764705883
0.8976377952755905
0.3571428571428571
0.810126582278481
0.6029411764705883
0.7533333333333333
0.7631578947368421
0.8033333333333333
0.37662337662337664
0.6710526315789473
0.8070175438596492
0.6835443037974683
0.889763779527559
0.37662337662337664
0.8033333333333333
0.8481012658227848
0.8433333333333333
0.888235294117647
0.7533333333333333
0.7533333333333333
0.7617647058823529
0.6029411764705883
0.35789473684210527
0.810126582278481
0.8481012658227848
0.6835443037974683
0.6910299003322259
0.23611111111111116
0.6029411764705883
0.9029535864978903
0.8681818181818182
0.7508305647840532
0.7952755905511811
0.8354430379746836
0.6710526315789473
0.9090909090909091
0.6835443037974683
0.8604651162790697
0.23611111111111116
0.7617647058823529
0.7508305647840532
0.6835443037974683
0.5772727272727273
0.7674418604651163
0.7543859649122807
0.8604651162790697
0.3015873015873016
0.8481012658227848
0.8526315789473684
0.3755274261603375
0.6029411764705883
0.7674418604651163
0.6910299003322259
0.23611111111111116
0.7719298245614035
0.8354430379746836
0.23611111111111116
0.8582677165354331
0.9157894736842105
0.9029535864978903
0.5344827586206897
0.37662337662337664
0.7617647058823529
0.8526315789473684
0.5344827586206897
0.7952755905511811
0.9523809523809523
0.962962962962963
0.8866666666666667
0.6910299003322259
0.8961038961038961
0.35789473684210527
0.889763779527559
0.3015873015873016
0.7674418604651163
0.7508305647840532
0.3755274261603375
0.9236111111111112
0.3015873015873016
0.8433333333333333
0.6910299003322259
0.5772727272727273
0.3015873015873016
0.7552742616033755
0.8771929824561404
0.3015873015873016
0.6910299003322259
0.6029411764705883
0.23611111111111116
0.8604651162790697
0.35789473684210527
0.6029411764705883
0.7241379310344828
0.7133333333333334
0.6835443037974683
0.6029411764705883
0.3015873015873016
0.8433333333333333
0.6710526315789473
0.3755274261603375
0.5772727272727273
0.8354430379746836
0.8033333333333333
0.6835443037974683
0.7508305647840532
0.8681818181818182
0.7241379310344828
0.7772727272727273
0.7952755905511811
0.7133333333333334
0.5344827586206897
0.8866666666666667
0.873015873015873
0.5590551181102362
0.8481012658227848
0.23611111111111116
0.35789473684210527
0.6029411764705883
0.3015873015873016
0.8481012658227848
0.7552742616033755
0.3015873015873016
0.9029535864978903
0.8604651162790697
0.8866666666666667
0.7552742616033755
0.8033333333333333
0.3571428571428571
0.3015873015873016
0.6029411764705883
0.8526315789473684
0.5590551181102362
0.9302325581395349
0.873015873015873
0.3755274261603375
0.8866666666666667
0.23611111111111116
0.3015873015873016
0.8354430379746836
0.7674418604651163
0.35789473684210527
0.9578059071729957
0.91005291005291
0.3015873015873016
0.6835443037974683
0.5590551181102362
0.35789473684210527
0.8676470588235294
0.6029411764705883
0.7674418604651163
0.6029411764705883
0.9302325581395349
0.23611111111111116
0.5590551181102362
0.7772727272727273
0.8354430379746836
0.6910299003322259
0.6578947368421053
0.888235294117647
0.6029411764705883
0.8676470588235294
0.7552742616033755
0.7952755905511811
0.8794117647058823
0.7533333333333333
0.6029411764705883
0.23611111111111116
0.3015873015873016
0.6835443037974683
0.7133333333333334
0.6835443037974683
0.3015873015873016
0.7508305647840532
0.3755274261603375
0.7772727272727273
0.5590551181102362
0.9482758620689655
0.7133333333333334
0.810126582278481
0.6835443037974683
0.3015873015873016
0.7952755905511811
0.7894736842105263
0.8866666666666667
0.7508305647840532
0.35789473684210527
0.6029411764705883
0.3015873015873016
0.3755274261603375
0.6835443037974683
0.7133333333333334
0.3755274261603375
0.9285714285714286
0.23611111111111116
0.9157894736842105
0.8676470588235294
0.6910299003322259
0.5590551181102362
0.3015873015873016
0.6578947368421053
0.8033333333333333
0.6835443037974683
0.6029411764705883
0.3755274261603375
0.8794117647058823
0.888235294117647
0.888235294117647
0.3571428571428571
0.6029411764705883
0.7543859649122807
0.6578947368421053
0.8681818181818182
0.7508305647840532
0.23611111111111116
0.23611111111111116
0.9605263157894737
0.810126582278481
0.8604651162790697
0.8681818181818182
0.7552742616033755
0.8354430379746836
0.8354430379746836
0.6710526315789473
0.8976377952755905
0.6029411764705883
0.6910299003322259
0.37662337662337664
0.9157894736842105
0.6910299003322259
0.8794117647058823
0.8526315789473684
0.5772727272727273
0.6029411764705883
0.8888888888888888
0.3015873015873016
0.9473684210526316
0.23611111111111116
0.888235294117647
0.8676470588235294
0.5772727272727273
0.8794117647058823
0.873015873015873
0.6578947368421053
0.7533333333333333
0.8354430379746836
0.9090909090909091
0.6578947368421053
0.3755274261603375
0.8794117647058823
0.6910299003322259
0.8571428571428572
0.3015873015873016
0.35789473684210527
0.7533333333333333
0.873015873015873
0.3755274261603375
0.23611111111111116
0.962962962962963
0.8070175438596492
0.23611111111111116
0.8354430379746836
0.6835443037974683
0.6029411764705883
0.7133333333333334
0.35789473684210527
0.8354430379746836
0.8481012658227848
0.7533333333333333
0.3755274261603375
0.9029535864978903
0.7133333333333334
0.7543859649122807
0.6029411764705883
0.7772727272727273
0.3015873015873016
0.23611111111111116
0.6910299003322259
0.7674418604651163
0.9157894736842105
0.9029535864978903
0.8481012658227848
0.8354430379746836
0.8681818181818182
0.6835443037974683
0.35789473684210527
0.9029535864978903
0.5772727272727273
0.3015873015873016
0.8676470588235294
0.9029535864978903
0.3755274261603375
0.8354430379746836
0.8604651162790697
0.6029411764705883
0.5772727272727273
0.7772727272727273
0.6835443037974683
0.8354430379746836
0.6910299003322259
0.8433333333333333
0.8681818181818182
0.35789473684210527
0.6910299003322259
0.8676470588235294
0.8681818181818182
0.9029535864978903
0.7674418604651163
0.3755274261603375
0.8582677165354331
0.37662337662337664
0.8794117647058823
0.8354430379746836
0.23611111111111116
0.35789473684210527
0.8604651162790697
0.7552742616033755
0.6578947368421053
0.5772727272727273
0.8481012658227848
0.3015873015873016
0.9482758620689655
0.7674418604651163
0.8033333333333333
0.6029411764705883
0.23611111111111116
0.23611111111111116
0.7772727272727273
0.23611111111111116
0.5772727272727273
0.5590551181102362
0.7631578947368421
0.6029411764705883
0.7674418604651163
0.810126582278481
0.7508305647840532
0.9282700421940928
0.3015873015873016
0.3571428571428571
0.7674418604651163
0.8033333333333333
0.888235294117647
0.3755274261603375
0.7508305647840532
0.8794117647058823
0.37662337662337664
0.35789473684210527
0.7674418604651163
0.7674418604651163
0.8793103448275862
0.5590551181102362
0.873015873015873
0.7241379310344828
0.3015873015873016
0.35789473684210527
0.962962962962963
0.7533333333333333
0.5772727272727273
0.7552742616033755
0.8433333333333333
0.3755274261603375
0.5772727272727273
0.6029411764705883
0.3755274261603375
0.6029411764705883
0.7533333333333333
0.6835443037974683
0.37662337662337664
0.35789473684210527
0.9029535864978903
0.9029535864978903
0.7719298245614035
0.8433333333333333
0.3755274261603375
0.9029535864978903
0.7508305647840532
0.6029411764705883
0.7133333333333334
0.8866666666666667
0.6910299003322259
0.6578947368421053
0.9029535864978903
0.6835443037974683
0.7952755905511811
0.37662337662337664
0.3755274261603375
0.3755274261603375
0.9090909090909091
0.8604651162790697
0.7772727272727273
0.23611111111111116
0.6029411764705883
0.8681818181818182
0.6910299003322259
0.8070175438596492
0.6835443037974683
0.7952755905511811
0.8866666666666667
0.9578059071729957
0.35789473684210527
0.7508305647840532
0.23611111111111116
0.6029411764705883
0.7133333333333334
0.6029411764705883
0.8888888888888888
0.35789473684210527
0.6029411764705883
0.7617647058823529
0.9157894736842105
0.8526315789473684
0.8433333333333333
0.7533333333333333
0.8433333333333333
0.9722222222222222
0.8604651162790697
0.8961038961038961
0.3015873015873016
0.7133333333333334
0.5590551181102362
0.8433333333333333
0.5772727272727273
0.7674418604651163
0.8433333333333333
0.6910299003322259
0.7533333333333333
0.7133333333333334
0.7508305647840532
0.6910299003322259
0.8793103448275862
0.6710526315789473
0.8676470588235294
0.7617647058823529
0.810126582278481
0.9047619047619048
0.5590551181102362
0.7533333333333333
0.5772727272727273
0.3755274261603375
0.9029535864978903
0.8866666666666667
0.8676470588235294
0.5590551181102362
0.8794117647058823
0.5590551181102362
0.8676470588235294
0.810126582278481
0.3571428571428571
0.6910299003322259
0.7772727272727273
0.5772727272727273
0.8831168831168831
0.7617647058823529
0.23611111111111116
0.23611111111111116
0.7533333333333333
0.6029411764705883
0.8481012658227848
0.6029411764705883
0.5344827586206897
0.7508305647840532
0.6029411764705883
0.7552742616033755
0.6835443037974683
0.7508305647840532
0.7772727272727273
0.7133333333333334
0.91005291005291
0.3015873015873016
0.8961038961038961
0.7719298245614035
0.9302325581395349
0.7508305647840532
0.6029411764705883
0.888235294117647
0.5590551181102362
0.8976377952755905
0.3755274261603375
0.6029411764705883
0.7241379310344828
0.3015873015873016
0.7894736842105263
0.7674418604651163
0.8681818181818182
0.7617647058823529
0.3571428571428571
0.6910299003322259
0.6029411764705883
0.3015873015873016
0.9090909090909091
0.6029411764705883
0.23611111111111116
0.6910299003322259
0.8794117647058823
0.6910299003322259
0.7133333333333334
0.889763779527559
0.8033333333333333
0.8866666666666667
0.8354430379746836
0.5590551181102362
0.7508305647840532
0.23611111111111116
0.5344827586206897
0.37662337662337664
0.8571428571428572
0.8481012658227848
0.23611111111111116
0.7133333333333334
0.6910299003322259
0.7719298245614035
0.810126582278481
0.888235294117647
0.7133333333333334
0.5772727272727273
0.6910299003322259
0.8676470588235294
0.9137931034482758
0.23611111111111116
0.3755274261603375
0.23611111111111116
0.9791666666666666
0.7674418604651163
0.8794117647058823
0.3015873015873016
0.8794117647058823
0.8354430379746836
0.7674418604651163
0.5772727272727273
0.23611111111111116
0.3015873015873016
0.3015873015873016
0.7508305647840532
0.5772727272727273
0.9285714285714286
0.8033333333333333
0.7508305647840532
0.37662337662337664
0.6029411764705883
0.6910299003322259
0.9282700421940928
0.91005291005291
0.6029411764705883
0.9029535864978903
0.5772727272727273
0.3755274261603375
0.3015873015873016
0.3755274261603375
0.9236111111111112
0.9302325581395349
0.8604651162790697
0.7533333333333333
0.7543859649122807
0.6835443037974683
0.8831168831168831
0.6578947368421053
0.6910299003322259
0.5772727272727273
0.9302325581395349
0.9285714285714286
0.8676470588235294
0.5772727272727273
0.23611111111111116
0.6835443037974683
0.6910299003322259
0.6710526315789473
0.8831168831168831
0.7508305647840532
0.7133333333333334
0.3755274261603375
0.8604651162790697
0.9282700421940928
0.7617647058823529
0.8681818181818182
0.6029411764705883
0.5772727272727273
0.23611111111111116
0.7133333333333334
0.23611111111111116
0.8676470588235294
0.35789473684210527
0.3755274261603375
0.9302325581395349
0.7772727272727273
0.6910299003322259
0.3755274261603375
0.9302325581395349
0.8070175438596492
0.7552742616033755
0.3755274261603375
0.3755274261603375
0.8033333333333333
0.8794117647058823
0.6910299003322259
0.7133333333333334
0.3015873015873016
0.7552742616033755
0.810126582278481
0.7617647058823529
0.8354430379746836
0.3755274261603375
0.7533333333333333
0.7133333333333334
0.8961038961038961
0.9282700421940928
0.9473684210526316
0.7617647058823529
0.810126582278481
0.7552742616033755
0.23611111111111116
0.3755274261603375
0.3755274261603375
0.6835443037974683
0.3015873015873016
0.9157894736842105
0.5590551181102362
0.7674418604651163
0.3755274261603375
0.6029411764705883
0.8866666666666667
0.7533333333333333
0.888235294117647
0.6029411764705883
0.3755274261603375
0.9236111111111112
0.3755274261603375
0.7533333333333333
0.3571428571428571
0.8888888888888888
0.810126582278481
0.888235294117647
0.7133333333333334
0.8033333333333333
0.9090909090909091
0.7508305647840532
0.7241379310344828
0.23611111111111116
0.8681818181818182
0.9137931034482758
0.8831168831168831
0.35789473684210527
0.7617647058823529
0.7674418604651163
0.8794117647058823
0.5590551181102362
0.23611111111111116
0.3755274261603375
0.7617647058823529
0.6029411764705883
0.6029411764705883
0.7133333333333334
0.8070175438596492
0.3015873015873016
0.8604651162790697
0.3015873015873016
0.8433333333333333
0.6910299003322259
0.5590551181102362
0.7133333333333334
0.8794117647058823
0.6910299003322259
0.3571428571428571
0.5772727272727273
0.7508305647840532
0.7617647058823529
0.6835443037974683
0.6029411764705883
0.37662337662337664
0.6910299003322259
0.7543859649122807
0.9029535864978903
0.5772727272727273
0.8681818181818182
0.8526315789473684
0.8033333333333333
0.8433333333333333
0.6710526315789473
0.5590551181102362
0.7674418604651163
0.8433333333333333
0.7533333333333333
0.889763779527559
0.8681818181818182
0.5772727272727273
0.8888888888888888
0.810126582278481
0.6710526315789473
0.37662337662337664
0.8888888888888888
0.6835443037974683
0.8676470588235294
0.7552742616033755
0.35789473684210527
0.3015873015873016
0.7617647058823529
0.5772727272727273
0.3015873015873016
0.3755274261603375
0.7617647058823529
0.7674418604651163
0.23611111111111116
0.3015873015873016
0.7617647058823529
0.7533333333333333
0.7133333333333334
0.6029411764705883
0.7552742616033755
0.3015873015873016
0.7631578947368421
0.7631578947368421
0.8582677165354331
0.6578947368421053
0.8676470588235294
0.8676470588235294
0.6710526315789473
0.6835443037974683
0.8681818181818182
0.5590551181102362
0.873015873015873
0.8354430379746836
0.3015873015873016
0.37662337662337664
0.23611111111111116
0.8866666666666667
0.8481012658227848
0.7674418604651163
0.6910299003322259
0.3755274261603375
0.6029411764705883
0.91005291005291
0.5772727272727273
0.9282700421940928
0.9302325581395349
0.8033333333333333
0.23611111111111116
0.8354430379746836
0.6029411764705883
0.8433333333333333
0.6910299003322259
0.37662337662337664
0.3015873015873016
0.9029535864978903
0.8771929824561404
0.7952755905511811
0.7552742616033755
0.3755274261603375
0.7543859649122807
0.6835443037974683
0.7772727272727273
0.888235294117647
0.35789473684210527
0.5344827586206897
0.6835443037974683
0.7133333333333334
0.5590551181102362
0.7772727272727273
0.5772727272727273
0.23611111111111116
0.8354430379746836
0.5590551181102362
0.6029411764705883
0.3755274261603375
0.8888888888888888
0.7674418604651163
0.8433333333333333
0.5590551181102362
0.7952755905511811
0.8481012658227848
0.810126582278481
0.5772727272727273
0.7533333333333333
0.6578947368421053
0.6029411764705883
0.6910299003322259
0.8582677165354331
0.3755274261603375
0.9029535864978903
0.8681818181818182
0.9523809523809523
0.7674418604651163
0.7508305647840532
0.5344827586206897
0.888235294117647
0.9302325581395349
0.8481012658227848
0.7552742616033755
0.23611111111111116
0.7894736842105263
0.7533333333333333
0.8033333333333333
0.7241379310344828
0.8976377952755905
0.8676470588235294
0.8526315789473684
0.8481012658227848
0.3571428571428571
0.7617647058823529
0.8070175438596492
0.5772727272727273
0.6029411764705883
0.7508305647840532
0.6578947368421053
0.7133333333333334
0.3755274261603375
0.8676470588235294
0.888235294117647
0.5772727272727273
0.7674418604651163
0.3015873015873016
0.8681818181818182
0.9282700421940928
0.8676470588235294
0.8433333333333333
0.7772727272727273
0.23611111111111116
0.3015873015873016
0.6910299003322259
0.37662337662337664
0.6835443037974683
0.8771929824561404
0.8354430379746836
0.9090909090909091
0.3755274261603375
0.37662337662337664
0.23611111111111116
0.9263157894736842
0.23611111111111116
0.6835443037974683
0.9090909090909091
0.3015873015873016
0.7631578947368421
0.889763779527559
0.6910299003322259
0.7617647058823529
0.3015873015873016
0.8681818181818182
0.8433333333333333
0.810126582278481
0.6835443037974683
0.9029535864978903
0.7533333333333333
0.3571428571428571
0.3755274261603375
0.7952755905511811
0.8976377952755905
0.6910299003322259
0.91005291005291
0.8571428571428572
0.37662337662337664
0.6029411764705883
0.873015873015873
0.7133333333333334
0.8582677165354331
0.37662337662337664
0.3015873015873016
0.6578947368421053
0.8033333333333333
0.5772727272727273
0.7674418604651163
0.3755274261603375
0.5590551181102362
0.37662337662337664
0.7133333333333334
0.5772727272727273
0.7508305647840532
0.7674418604651163
0.6029411764705883
0.7552742616033755
0.23611111111111116
0.9029535864978903
0.7543859649122807
0.8481012658227848
0.7894736842105263
0.7617647058823529
0.7508305647840532
0.8604651162790697
0.3755274261603375
0.9090909090909091
0.5772727272727273
0.35789473684210527
0.5344827586206897
0.6910299003322259
0.8433333333333333
0.7552742616033755
0.873015873015873
0.7674418604651163
0.3015873015873016
0.7133333333333334
0.7772727272727273
0.5772727272727273
0.7533333333333333
0.8481012658227848
0.37662337662337664
0.7533333333333333
0.7674418604651163
0.6835443037974683
0.810126582278481
0.3755274261603375
0.3015873015873016
0.37662337662337664
0.8033333333333333
0.7133333333333334
0.8033333333333333
0.3015873015873016
0.8681818181818182
0.8866666666666667
0.8676470588235294
0.7241379310344828
0.23611111111111116
0.7552742616033755
0.8604651162790697
0.7552742616033755
0.23611111111111116
0.8604651162790697
0.7552742616033755
0.3015873015873016
0.7543859649122807
0.91005291005291
0.7617647058823529
0.7674418604651163
0.8676470588235294
0.8033333333333333
0.6029411764705883
0.23611111111111116
0.8676470588235294
0.9090909090909091
0.9029535864978903
0.9047619047619048
0.7508305647840532
0.3015873015873016
0.8481012658227848
0.6910299003322259
0.37662337662337664
0.8831168831168831
0.7533333333333333
0.3015873015873016
0.9236111111111112
0.9090909090909091
0.8794117647058823
0.8681818181818182
0.8433333333333333
0.8676470588235294
0.889763779527559
0.8033333333333333
0.6910299003322259
0.9236111111111112
0.888235294117647
0.8604651162790697
0.3015873015873016
0.6029411764705883
0.8033333333333333
0.7133333333333334
0.8433333333333333
0.8604651162790697
0.810126582278481
0.8033333333333333
0.5772727272727273
0.5772727272727273
0.37662337662337664
0.7674418604651163
0.7508305647840532
0.8354430379746836
0.8433333333333333
0.9302325581395349
0.7508305647840532
0.6910299003322259
0.7772727272727273
0.3755274261603375
0.6029411764705883
0.7772727272727273
0.3755274261603375
0.3755274261603375
0.7552742616033755
0.7674418604651163
0.7133333333333334
0.3015873015873016
0.3015873015873016
0.7533333333333333
0.6910299003322259
0.9791666666666666
0.35789473684210527
0.8888888888888888
0.35789473684210527
0.3571428571428571
0.6835443037974683
0.6835443037974683
0.8354430379746836
0.7241379310344828
0.23611111111111116
0.8888888888888888
0.7508305647840532
0.8571428571428572
0.3015873015873016
0.7543859649122807
0.91005291005291
0.3755274261603375
0.8604651162790697
0.6029411764705883
0.6910299003322259
0.7552742616033755
0.8604651162790697
0.962962962962963
0.8604651162790697
0.7617647058823529
0.5772727272727273
0.7533333333333333
0.7133333333333334
0.7508305647840532
0.7133333333333334
0.7617647058823529
0.8866666666666667
0.23611111111111116
0.7241379310344828
0.37662337662337664
0.7552742616033755
0.9605263157894737
0.8681818181818182
0.3015873015873016
0.35789473684210527
0.8681818181818182
0.810126582278481
0.3015873015873016
0.3755274261603375
0.8831168831168831
0.7617647058823529
0.3755274261603375
0.8033333333333333
0.5590551181102362
0.3571428571428571
0.6578947368421053
0.7533333333333333
0.7772727272727273
0.888235294117647
0.8676470588235294
0.7533333333333333
0.8794117647058823
0.23611111111111116
0.8604651162790697
0.5772727272727273
0.8604651162790697
0.8033333333333333
0.23611111111111116
0.8794117647058823
0.9722222222222222
0.3015873015873016
0.8604651162790697
0.8676470588235294
0.9578059071729957
0.23611111111111116
0.37662337662337664
0.6835443037974683
0.23611111111111116
0.6710526315789473
0.8354430379746836
0.8033333333333333
0.35789473684210527
0.23611111111111116
0.7508305647840532
0.6835443037974683
0.8681818181818182
0.7674418604651163
0.3755274261603375
0.7533333333333333
0.8681818181818182
0.7533333333333333
0.7133333333333334
0.6029411764705883
0.23611111111111116
0.8582677165354331
0.6910299003322259
0.810126582278481
0.8604651162790697
0.3755274261603375
0.8831168831168831
0.7674418604651163
0.91005291005291
0.7133333333333334
0.8354430379746836
0.5772727272727273
0.7508305647840532
0.6029411764705883
0.8794117647058823
0.6910299003322259
0.23611111111111116
0.8033333333333333
0.6910299003322259
0.6029411764705883
0.6029411764705883
0.6910299003322259
0.8033333333333333
0.9157894736842105
0.873015873015873
0.3755274261603375
0.5344827586206897
0.8070175438596492
0.8681818181818182
0.7533333333333333
0.3571428571428571
0.7508305647840532
0.7133333333333334
0.8070175438596492
0.7772727272727273
0.8794117647058823
0.9029535864978903
0.6910299003322259
0.8604651162790697
0.6029411764705883
0.5772727272727273
0.3755274261603375
0.7617647058823529
0.7772727272727273
0.5590551181102362
0.8771929824561404
0.3755274261603375
0.8681818181818182
0.5772727272727273
0.3755274261603375
0.35789473684210527
0.6910299003322259
0.6835443037974683
0.8681818181818182
0.6710526315789473
0.9523809523809523
0.7533333333333333
0.7674418604651163
0.9282700421940928
0.7952755905511811
0.35789473684210527
0.8888888888888888
0.23611111111111116
0.6029411764705883
0.23611111111111116
0.889763779527559
0.3755274261603375
0.8604651162790697
0.9578059071729957
0.6910299003322259
0.3015873015873016
0.8481012658227848
0.3755274261603375
0.8033333333333333
0.3015873015873016
0.6578947368421053
0.3015873015873016
0.8976377952755905
0.8433333333333333
0.7133333333333334
0.8354430379746836
0.35789473684210527
0.7533333333333333
0.35789473684210527
0.7133333333333334
0.6029411764705883
0.6029411764705883
0.5772727272727273
0.8433333333333333
0.3755274261603375
0.23611111111111116
0.3015873015873016
0.6910299003322259
0.3755274261603375
0.7133333333333334
0.7617647058823529
0.6029411764705883
0.5772727272727273
0.7543859649122807
0.8794117647058823
0.6029411764705883
0.6835443037974683
0.7719298245614035
0.889763779527559
0.8571428571428572
0.35789473684210527
0.91005291005291
0.6029411764705883
0.3755274261603375
0.3015873015873016
0.8771929824561404
0.888235294117647
0.8033333333333333
0.7617647058823529
0.7772727272727273
0.888235294117647
0.3755274261603375
0.7552742616033755
0.7552742616033755
0.7133333333333334
0.7617647058823529
0.6029411764705883
0.7772727272727273
0.5344827586206897
0.7674418604651163
0.7508305647840532
0.8033333333333333
0.8433333333333333
0.3015873015873016
0.7617647058823529
0.8681818181818182
0.5344827586206897
0.8604651162790697
0.9090909090909091
0.8070175438596492
0.3015873015873016
0.7674418604651163
0.23611111111111116
0.35789473684210527
0.7719298245614035
0.7552742616033755
0.6910299003322259
0.810126582278481
0.3755274261603375
0.23611111111111116
0.7552742616033755
0.9029535864978903
0.7894736842105263
0.8676470588235294
0.3755274261603375
0.6910299003322259
0.9047619047619048
0.7617647058823529
0.5344827586206897
0.8433333333333333
0.7674418604651163
0.3015873015873016
0.810126582278481
0.810126582278481
0.6910299003322259
0.9029535864978903
0.6910299003322259
0.6029411764705883
0.3755274261603375
0.7772727272727273
0.962962962962963
0.8433333333333333
0.5772727272727273
0.8033333333333333
0.6029411764705883
0.7133333333333334
0.23611111111111116
0.6029411764705883
0.7533333333333333
0.7674418604651163
0.7133333333333334
0.9263157894736842
0.3755274261603375
0.7508305647840532
0.8681818181818182
0.6710526315789473
0.7674418604651163
0.35789473684210527
0.23611111111111116
0.5344827586206897
0.6835443037974683
0.9523809523809523
0.5772727272727273
0.7552742616033755
0.7617647058823529
0.8681818181818182
0.9090909090909091
0.8481012658227848
0.5772727272727273
0.7543859649122807
0.8676470588235294
0.7952755905511811
0.3015873015873016
0.23611111111111116
0.3015873015873016
0.7631578947368421
0.5772727272727273
0.7533333333333333
0.5344827586206897
0.8794117647058823
0.37662337662337664
0.8604651162790697
0.23611111111111116
0.7133333333333334
0.3015873015873016
0.35789473684210527
0.7552742616033755
0.8866666666666667
0.23611111111111116
0.8033333333333333
0.7533333333333333
0.7552742616033755
0.6835443037974683
0.5772727272727273
0.8793103448275862
0.8976377952755905
0.888235294117647
0.8354430379746836
0.8033333333333333
0.9029535864978903
0.6910299003322259
0.3015873015873016
0.6029411764705883
0.9236111111111112
0.23611111111111116
0.7133333333333334
0.9029535864978903
0.8681818181818182
0.8354430379746836
0.3015873015873016
0.7533333333333333
0.7617647058823529
0.37662337662337664
0.7772727272727273
0.9473684210526316
0.3015873015873016
0.9722222222222222
0.3015873015873016
0.91005291005291
0.3755274261603375
0.23611111111111116
0.5590551181102362
0.8582677165354331
0.8866666666666667
0.7617647058823529
0.23611111111111116
0.8604651162790697
0.6029411764705883
0.7894736842105263
0.35789473684210527
0.7533333333333333
0.23611111111111116
0.35789473684210527
0.810126582278481
0.7533333333333333
0.7719298245614035
0.6029411764705883
0.7894736842105263
0.3755274261603375
0.9578059071729957
0.3015873015873016
0.3571428571428571
0.3571428571428571
0.3755274261603375
0.37662337662337664
0.7674418604651163
0.6835443037974683
0.6835443037974683
0.6578947368421053
0.8866666666666667
0.8866666666666667
0.8526315789473684
0.6029411764705883
0.35789473684210527
0.7241379310344828
0.7772727272727273
0.7508305647840532
0.8866666666666667
0.7772727272727273
0.7894736842105263
0.7772727272727273
0.7617647058823529
0.7133333333333334
0.7674418604651163
0.23611111111111116
0.7631578947368421
0.8831168831168831
0.3571428571428571
0.7617647058823529
0.3015873015873016
0.5772727272727273
0.8433333333333333
0.3015873015873016
0.7674418604651163
0.8681818181818182
0.3755274261603375
0.7508305647840532
0.3755274261603375
0.7241379310344828
0.9090909090909091
0.7617647058823529
0.3755274261603375
0.3015873015873016
0.6029411764705883
0.6029411764705883
0.3755274261603375
0.7133333333333334
0.8794117647058823
0.6029411764705883
0.3755274261603375
0.7508305647840532
0.8676470588235294
0.5772727272727273
0.7533333333333333
0.8433333333333333
0.8582677165354331
0.23611111111111116
0.962962962962963
0.8681818181818182
0.8961038961038961
0.7533333333333333
0.6029411764705883
0.5590551181102362
0.8481012658227848
0.6029411764705883
0.7533333333333333
0.9137931034482758
0.23611111111111116
0.8831168831168831
0.888235294117647
0.5772727272727273
0.6029411764705883
0.7617647058823529
0.8771929824561404
0.8582677165354331
0.6910299003322259
0.7772727272727273
0.3015873015873016
0.7508305647840532
0.7508305647840532
0.810126582278481
0.6910299003322259
0.7133333333333334
0.3015873015873016
0.8033333333333333
0.5772727272727273
0.7552742616033755
0.8676470588235294
0.8681818181818182
0.873015873015873
0.8433333333333333
0.889763779527559
0.6578947368421053
0.35789473684210527
0.7552742616033755
0.8676470588235294
0.7508305647840532
0.7533333333333333
0.7894736842105263
0.8681818181818182
0.7617647058823529
0.6910299003322259
0.7617647058823529
0.7508305647840532
0.7952755905511811
0.3015873015873016
0.873015873015873
0.6910299003322259
0.7241379310344828
0.3015873015873016
0.5772727272727273
0.6029411764705883
0.888235294117647
0.7617647058823529
0.9578059071729957
0.3015873015873016
0.6029411764705883
0.8793103448275862
0.7617647058823529
0.7133333333333334
0.810126582278481
0.6029411764705883
0.7617647058823529
0.6835443037974683
0.7719298245614035
0.3755274261603375
0.6029411764705883
0.873015873015873
0.5344827586206897
0.7552742616033755
0.3571428571428571
0.3755274261603375
0.7772727272727273
0.9473684210526316
0.8888888888888888
0.8604651162790697
0.8681818181818182
0.8033333333333333
0.8794117647058823
0.7617647058823529
0.5344827586206897
0.7133333333333334
0.5590551181102362
0.7241379310344828
0.3015873015873016
0.8604651162790697
0.3755274261603375
0.7552742616033755
0.6029411764705883
0.8771929824561404
0.810126582278481
0.6835443037974683
0.3755274261603375
0.810126582278481
0.7533333333333333
0.8526315789473684
0.3755274261603375
0.23611111111111116
0.35789473684210527
0.7133333333333334
0.5772727272727273
0.3015873015873016
0.810126582278481
0.23611111111111116
0.6029411764705883
0.8961038961038961
0.9302325581395349
0.9029535864978903
0.7552742616033755
0.8070175438596492
0.5344827586206897
0.7533333333333333
0.6029411764705883
0.7674418604651163
0.6835443037974683
0.7631578947368421
0.91005291005291
0.3755274261603375
0.6835443037974683
0.3015873015873016
0.3571428571428571
0.7952755905511811
0.8676470588235294
0.6029411764705883
0.889763779527559
0.7133333333333334
0.810126582278481
0.7552742616033755
0.7133333333333334
0.8888888888888888
0.23611111111111116
0.7133333333333334
0.6910299003322259
0.7674418604651163
0.889763779527559
0.6029411764705883
0.3755274261603375
0.7617647058823529
0.5772727272727273
0.6710526315789473
0.7508305647840532
0.7508305647840532
0.7133333333333334
0.7508305647840532
0.8481012658227848
0.6835443037974683
0.8354430379746836
0.3755274261603375
0.37662337662337664
0.6910299003322259
0.7133333333333334
0.8354430379746836
0.6910299003322259
0.3015873015873016
0.7631578947368421
0.810126582278481
0.6029411764705883
0.6835443037974683
0.8582677165354331
0.8866666666666667
0.23611111111111116
0.3755274261603375
0.6029411764705883
0.8866666666666667
0.8033333333333333
0.7617647058823529
0.7674418604651163
0.7508305647840532
0.6835443037974683
0.8433333333333333
0.3755274261603375
0.8481012658227848
0.7674418604651163
0.7552742616033755
0.7719298245614035
0.8526315789473684
0.7508305647840532
0.8681818181818182
0.9047619047619048
0.5590551181102362
0.23611111111111116
0.6029411764705883
0.3755274261603375
0.6835443037974683
0.8033333333333333
0.873015873015873
0.7533333333333333
0.8681818181818182
0.8354430379746836
0.7772727272727273
0.8033333333333333
0.3755274261603375
0.3755274261603375
0.8866666666666667
0.35789473684210527
0.6029411764705883
0.6835443037974683
0.8831168831168831
0.7617647058823529
0.8888888888888888
0.7543859649122807
0.3015873015873016
0.8571428571428572
0.8604651162790697
0.7508305647840532
0.7617647058823529
0.7543859649122807
0.810126582278481
0.5590551181102362
0.3755274261603375
0.3755274261603375
0.35789473684210527
0.6029411764705883
0.9263157894736842
0.5772727272727273
0.9302325581395349
0.8681818181818182
0.3755274261603375
0.7952755905511811
0.7133333333333334
0.810126582278481
0.8681818181818182
0.7617647058823529
0.7952755905511811
0.3755274261603375
0.6710526315789473
0.9282700421940928
0.3755274261603375
0.3015873015873016
0.8033333333333333
0.6910299003322259
0.7617647058823529
0.8526315789473684
0.23611111111111116
0.6835443037974683
0.37662337662337664
0.6835443037974683
0.8676470588235294
0.6029411764705883
0.23611111111111116
0.6710526315789473
0.7508305647840532
0.6910299003322259
0.9029535864978903
0.7674418604651163
0.3755274261603375
0.8433333333333333
0.8794117647058823
0.5772727272727273
0.8033333333333333
0.7533333333333333
0.810126582278481
0.6910299003322259
0.8582677165354331
0.8481012658227848
0.8582677165354331
0.6710526315789473
0.7894736842105263
0.7508305647840532
0.23611111111111116
0.9282700421940928
0.6910299003322259
0.7772727272727273
0.3755274261603375
0.873015873015873
0.8681818181818182
0.7631578947368421
0.3015873015873016
0.35789473684210527
0.6029411764705883
0.8033333333333333
0.9029535864978903
0.9473684210526316
0.7894736842105263
0.8481012658227848
0.35789473684210527
0.810126582278481
0.9236111111111112
0.6029411764705883
0.23611111111111116
0.7772727272727273
0.8793103448275862
0.7508305647840532
0.9282700421940928
0.3015873015873016
0.3755274261603375
0.873015873015873
0.3755274261603375
0.9473684210526316
0.8676470588235294
0.5772727272727273
0.3015873015873016
0.7617647058823529
0.9090909090909091
0.7772727272727273
0.7617647058823529
0.7533333333333333
0.7133333333333334
0.8582677165354331
0.8481012658227848
0.962962962962963
0.8676470588235294
0.35789473684210527
0.3015873015873016
0.9473684210526316
0.7552742616033755
0.7617647058823529
0.8681818181818182
0.7617647058823529
0.8033333333333333
0.3755274261603375
0.888235294117647
0.3755274261603375
0.8433333333333333
0.7508305647840532
0.23611111111111116
0.6835443037974683
0.7552742616033755
0.6910299003322259
0.23611111111111116
0.888235294117647
0.7533333333333333
0.7533333333333333
0.23611111111111116
0.8681818181818182
0.3755274261603375
0.8354430379746836
0.37662337662337664
0.5772727272727273
0.5590551181102362
0.5590551181102362
0.3755274261603375
0.7133333333333334
0.6835443037974683
0.3015873015873016
0.23611111111111116
0.3755274261603375
0.810126582278481
0.7674418604651163
0.8582677165354331
0.9302325581395349
0.8526315789473684
0.3015873015873016
0.6835443037974683
0.8793103448275862
0.7133333333333334
0.8070175438596492
0.6029411764705883
0.7952755905511811
0.5590551181102362
0.6029411764705883
0.7533333333333333
0.7533333333333333
0.6910299003322259
0.7552742616033755
0.8866666666666667
0.6029411764705883
0.9157894736842105
0.7674418604651163
0.7508305647840532
0.6910299003322259
