0.10543130990415339
0.10543130990415339
0.03349282296650713
0.9842105263157894
0.05526315789473679
0.08361204013377932
0.08361204013377932
0.05526315789473679
0.03703703703703709
0.5811965811965811
0.10543130990415339
0.1724137931034483
0.03349282296650713
0.03703703703703709
0.05526315789473679
0.03349282296650713
0.08361204013377932
0.08361204013377932
0.8888888888888888
0.03349282296650713
0.03703703703703709
0.9907407407407407
0.08361204013377932
0.05526315789473679
0.05526315789473679
0.08361204013377932
0.8783783783783784
0.94
0.03703703703703709
0.05526315789473679
0.10543130990415339
0.03349282296650713
0.03703703703703709
0.1333333333333333
0.10543130990415339
0.8536585365853658
0.05526315789473679
0.24390243902439024
0.20895522388059706
0.08361204013377932
0.08361204013377932
0.03703703703703709
0.10543130990415339
0.5319148936170213
0.10543130990415339
0.20895522388059706
0.05526315789473679
0.9584664536741214
0.9038461538461539
0.03703703703703709
0.05526315789473679
0.9574468085106383
0.4137931034482759
0.7948717948717949
0.5811965811965811
0.10543130990415339
0.10543130990415339
0.9038461538461539
0.13461538461538458
0.6111111111111112
0.05526315789473679
0.20895522388059706
0.6724137931034483
0.1578947368421053
0.08361204013377932
0.6785714285714286
0.05526315789473679
0.05526315789473679
0.08361204013377932
0.15000000000000002
0.08361204013377932
0.2702702702702703
0.04761904761904767
0.05526315789473679
0.9584664536741214
0.4137931034482759
0.03349282296650713
0.05526315789473679
0.08361204013377932
0.03703703703703709
0.03703703703703709
0.05526315789473679
0.03703703703703709
0.9584664536741214
0.03703703703703709
0.05526315789473679
0.03703703703703709
0.9815789473684211
0.9584664536741214
0.05526315789473679
0.05526315789473679
0.03349282296650713
0.08361204013377932
0.96
0.7948717948717949
0.10543130990415339
0.15000000000000002
0.03703703703703709
0.05526315789473679
0.8888888888888888
0.10543130990415339
0.9921052631578947
0.10543130990415339
0.2702702702702703
0.05526315789473679
0.08361204013377932
0.8888888888888888
0.10543130990415339
0.08361204013377932
0.13461538461538458
0.08361204013377932
0.9104477611940298
0.5811965811965811
0.15000000000000002
0.851063829787234
0.05526315789473679
0.03349282296650713
0.08361204013377932
0.6724137931034483
0.9732441471571907
0.03703703703703709
0.08361204013377932
0.03703703703703709
0.05526315789473679
0.03703703703703709
0.5319148936170213
0.03703703703703709
0.6607142857142857
0.03703703703703709
0.625
0.5811965811965811
0.05526315789473679
0.08361204013377932
0.8888888888888888
0.03349282296650713
0.10543130990415339
0.7111111111111111
0.5689655172413793
0.03703703703703709
0.03703703703703709
0.9701492537313433
0.03349282296650713
0.8723404255319149
0.05526315789473679
0.6724137931034483
0.7948717948717949
0.05526315789473679
0.10543130990415339
0.05526315789473679
0.03703703703703709
0.1333333333333333
0.8888888888888888
0.03349282296650713
0.13461538461538458
0.24390243902439024
0.03349282296650713
0.03703703703703709
0.10543130990415339
0.05526315789473679
0.08361204013377932
0.6111111111111112
0.03349282296650713
0.8461538461538461
0.9615384615384616
0.10543130990415339
0.03349282296650713
0.10543130990415339
0.10543130990415339
0.9907407407407407
0.24390243902439024
0.9807692307692307
0.05526315789473679
0.03703703703703709
0.03703703703703709
0.2702702702702703
0.08361204013377932
0.24390243902439024
0.10543130990415339
0.15000000000000002
0.03703703703703709
0.03349282296650713
0.5811965811965811
0.24390243902439024
0.05526315789473679
0.08361204013377932
0.9842105263157894
0.9584664536741214
0.15000000000000002
0.03349282296650713
0.08361204013377932
0.15000000000000002
0.03349282296650713
0.8888888888888888
0.7586206896551724
0.9632107023411371
0.1333333333333333
0.03349282296650713
0.08361204013377932
0.8536585365853658
0.1923076923076923
0.10543130990415339
0.05526315789473679
0.05526315789473679
0.20895522388059706
0.03703703703703709
0.8888888888888888
0.10543130990415339
0.1724137931034483
0.10543130990415339
0.1923076923076923
0.6111111111111112
0.03349282296650713
0.04761904761904767
0.8536585365853658
0.2702702702702703
0.9632107023411371
0.4137931034482759
0.9732441471571907
0.03349282296650713
0.10543130990415339
0.08361204013377932
0.05526315789473679
0.03703703703703709
0.13461538461538458
0.08361204013377932
0.05526315789473679
0.05526315789473679
0.03349282296650713
0.10543130990415339
0.5811965811965811
0.10543130990415339
0.13461538461538458
0.05526315789473679
0.15000000000000002
0.10543130990415339
0.03349282296650713
0.05526315789473679
0.10543130990415339
0.8648648648648649
0.03703703703703709
0.05526315789473679
0.7872340425531915
0.05526315789473679
0.10543130990415339
0.03349282296650713
0.20895522388059706
0.1724137931034483
0.03349282296650713
0.08361204013377932
0.9166666666666666
0.05526315789473679
0.03703703703703709
0.03703703703703709
0.05526315789473679
0.05526315789473679
0.03703703703703709
0.03703703703703709
0.03703703703703709
0.1923076923076923
0.1578947368421053
0.1923076923076923
0.05526315789473679
0.10543130990415339
0.05526315789473679
0.08361204013377932
0.08361204013377932
0.5811965811965811
0.9584664536741214
0.15000000000000002
0.15000000000000002
0.10543130990415339
0.20895522388059706
0.05526315789473679
0.03349282296650713
0.10543130990415339
0.10543130990415339
0.05526315789473679
0.03349282296650713
0.10543130990415339
0.03703703703703709
0.5689655172413793
0.5811965811965811
0.03703703703703709
0.05526315789473679
0.08361204013377932
0.96
0.10543130990415339
0.5319148936170213
0.24390243902439024
0.1578947368421053
0.03703703703703709
0.05526315789473679
0.10543130990415339
0.03703703703703709
0.9473684210526316
0.03703703703703709
0.5811965811965811
0.7948717948717949
0.13461538461538458
0.05526315789473679
0.8888888888888888
0.05526315789473679
0.10543130990415339
0.03703703703703709
0.08361204013377932
0.10543130990415339
0.20895522388059706
0.1923076923076923
0.03703703703703709
0.1923076923076923
0.7058823529411764
0.13461538461538458
0.13461538461538458
0.5811965811965811
0.1724137931034483
0.08361204013377932
0.03703703703703709
0.03703703703703709
0.08361204013377932
0.03703703703703709
0.6111111111111112
0.03349282296650713
0.76
0.9104477611940298
0.05526315789473679
0.03349282296650713
0.9632107023411371
0.08361204013377932
0.08361204013377932
0.7058823529411764
0.47058823529411764
0.8461538461538461
0.9584664536741214
0.03703703703703709
0.1923076923076923
0.08361204013377932
0.05526315789473679
0.03703703703703709
0.9753086419753086
0.8648648648648649
0.03703703703703709
0.5319148936170213
0.03349282296650713
0.03349282296650713
0.8723404255319149
0.9868421052631579
0.03703703703703709
0.6599999999999999
0.10543130990415339
0.15000000000000002
0.03349282296650713
0.08361204013377932
0.15000000000000002
0.10543130990415339
0.03703703703703709
0.03349282296650713
0.5689655172413793
0.08361204013377932
0.24390243902439024
0.03703703703703709
0.8536585365853658
0.6599999999999999
0.9523809523809523
0.08361204013377932
0.9701492537313433
0.05526315789473679
0.6724137931034483
0.05526315789473679
0.03703703703703709
0.5689655172413793
0.6724137931034483
0.05526315789473679
0.03349282296650713
0.6607142857142857
0.47058823529411764
0.08361204013377932
0.08361204013377932
0.875
0.05526315789473679
0.03703703703703709
0.08361204013377932
0.7058823529411764
0.05526315789473679
0.96
0.03703703703703709
0.05526315789473679
0.13461538461538458
0.76
0.6724137931034483
0.10543130990415339
0.9584664536741214
0.1923076923076923
0.08361204013377932
0.03349282296650713
0.10543130990415339
0.8888888888888888
0.03703703703703709
0.9866220735785953
0.1333333333333333
0.08361204013377932
0.20895522388059706
0.1724137931034483
0.84
0.20895522388059706
0.03703703703703709
0.03349282296650713
0.05526315789473679
0.08361204013377932
0.2702702702702703
0.10543130990415339
0.5811965811965811
0.8888888888888888
0.03703703703703709
0.9952153110047847
0.03703703703703709
0.5811965811965811
0.2702702702702703
0.15000000000000002
0.05526315789473679
0.05526315789473679
0.1578947368421053
0.15000000000000002
0.10543130990415339
0.04761904761904767
0.1724137931034483
0.5319148936170213
0.24390243902439024
0.03703703703703709
0.2702702702702703
0.03703703703703709
0.03703703703703709
0.7111111111111111
0.9632107023411371
0.15000000000000002
0.6607142857142857
0.9104477611940298
0.8783783783783784
0.9864864864864865
0.08361204013377932
0.08361204013377932
0.7948717948717949
0.5689655172413793
0.08361204013377932
0.6607142857142857
0.05526315789473679
0.10543130990415339
0.08361204013377932
0.13461538461538458
0.1333333333333333
0.6724137931034483
0.03703703703703709
0.04761904761904767
0.05526315789473679
0.47058823529411764
0.1578947368421053
0.9111111111111111
0.5811965811965811
0.6607142857142857
0.1578947368421053
0.05526315789473679
0.1724137931034483
0.15000000000000002
0.08361204013377932
0.1724137931034483
0.08361204013377932
0.05526315789473679
0.10543130990415339
0.2702702702702703
0.6599999999999999
0.03703703703703709
0.76
0.8571428571428572
0.05526315789473679
0.8
0.05526315789473679
0.851063829787234
0.03349282296650713
0.9512195121951219
0.10543130990415339
0.03703703703703709
0.15000000000000002
0.05526315789473679
0.03703703703703709
0.1923076923076923
0.05526315789473679
0.24390243902439024
0.10543130990415339
0.05526315789473679
0.05526315789473679
0.5689655172413793
0.6111111111111112
0.05526315789473679
0.08361204013377932
0.1923076923076923
0.05526315789473679
0.10543130990415339
0.03703703703703709
0.2702702702702703
0.10543130990415339
0.08361204013377932
0.8214285714285714
0.08361204013377932
0.7777777777777778
0.05526315789473679
0.03703703703703709
0.6599999999999999
0.10543130990415339
0.03349282296650713
0.76
0.2702702702702703
0.10543130990415339
0.03703703703703709
0.10543130990415339
0.15000000000000002
0.03349282296650713
0.1333333333333333
0.9868421052631579
0.4137931034482759
0.9842105263157894
0.10543130990415339
0.6607142857142857
0.08361204013377932
0.10543130990415339
0.08361204013377932
0.03349282296650713
0.9310344827586207
0.1333333333333333
0.08361204013377932
0.7777777777777778
0.24390243902439024
0.05526315789473679
0.10543130990415339
0.05526315789473679
0.10543130990415339
0.05526315789473679
0.6599999999999999
0.2702702702702703
0.1724137931034483
0.7111111111111111
0.7111111111111111
0.08361204013377932
0.9632107023411371
0.03703703703703709
0.04761904761904767
0.03703703703703709
0.20895522388059706
0.05526315789473679
0.03349282296650713
0.03703703703703709
0.4137931034482759
0.6607142857142857
0.05526315789473679
0.20895522388059706
0.05526315789473679
0.03703703703703709
0.03349282296650713
0.05526315789473679
0.9732441471571907
0.5689655172413793
0.05526315789473679
0.1724137931034483
0.9856459330143541
0.20895522388059706
0.08361204013377932
0.03349282296650713
0.10543130990415339
0.08361204013377932
0.03703703703703709
0.9584664536741214
0.13461538461538458
0.875
0.15000000000000002
0.10543130990415339
0.05526315789473679
0.03703703703703709
0.8571428571428572
0.03349282296650713
0.03349282296650713
0.08361204013377932
0.03703703703703709
0.47058823529411764
0.03703703703703709
0.05526315789473679
0.15000000000000002
0.4137931034482759
0.08361204013377932
0.03349282296650713
0.6111111111111112
0.10543130990415339
0.03349282296650713
0.10543130990415339
0.7872340425531915
0.15000000000000002
0.1578947368421053
0.08361204013377932
0.05526315789473679
0.8571428571428572
0.08361204013377932
0.03703703703703709
0.03703703703703709
0.05526315789473679
0.03349282296650713
0.9310344827586207
0.03349282296650713
0.13461538461538458
0.8461538461538461
0.7948717948717949
0.2702702702702703
0.8648648648648649
0.13461538461538458
0.10543130990415339
0.20895522388059706
0.8461538461538461
0.15000000000000002
0.5319148936170213
0.03349282296650713
0.05526315789473679
0.03703703703703709
0.7777777777777778
0.10543130990415339
0.03703703703703709
0.7948717948717949
0.03703703703703709
0.03703703703703709
0.03703703703703709
0.08361204013377932
0.03703703703703709
0.08361204013377932
0.6785714285714286
0.03349282296650713
0.03703703703703709
0.24390243902439024
0.05526315789473679
0.10543130990415339
0.10543130990415339
0.20895522388059706
0.2702702702702703
0.10543130990415339
0.8
0.9230769230769231
0.05526315789473679
0.04761904761904767
0.13461538461538458
0.7586206896551724
0.05526315789473679
0.6724137931034483
0.03703703703703709
0.03349282296650713
0.20895522388059706
0.05526315789473679
0.7872340425531915
0.10543130990415339
0.10543130990415339
0.05526315789473679
0.9615384615384616
0.5689655172413793
0.20895522388059706
0.9584664536741214
0.03703703703703709
0.5811965811965811
0.7777777777777778
0.6724137931034483
0.03703703703703709
0.08361204013377932
0.05526315789473679
0.9856459330143541
0.10543130990415339
0.5811965811965811
0.20895522388059706
0.6111111111111112
0.03703703703703709
0.03703703703703709
0.08361204013377932
0.03349282296650713
0.08361204013377932
0.03349282296650713
0.1578947368421053
0.7777777777777778
0.03349282296650713
0.05526315789473679
0.08361204013377932
0.03703703703703709
0.05526315789473679
0.1724137931034483
0.6785714285714286
0.03703703703703709
0.8648648648648649
0.15000000000000002
0.5689655172413793
0.08361204013377932
0.05526315789473679
0.08361204013377932
0.10543130990415339
0.7111111111111111
0.8648648648648649
0.10543130990415339
0.08361204013377932
0.08361204013377932
0.6607142857142857
0.8823529411764706
0.10543130990415339
0.6607142857142857
0.03703703703703709
0.9655172413793104
0.24390243902439024
0.20895522388059706
0.9137931034482758
0.6785714285714286
0.24390243902439024
0.851063829787234
0.08361204013377932
0.03703703703703709
0.9753086419753086
0.05526315789473679
0.08361204013377932
0.8888888888888888
0.08361204013377932
0.9815789473684211
0.9104477611940298
0.05526315789473679
0.05526315789473679
0.9512195121951219
0.05526315789473679
0.6111111111111112
0.05526315789473679
0.08361204013377932
0.94
0.05526315789473679
0.10543130990415339
0.9732441471571907
0.10543130990415339
0.10543130990415339
0.10543130990415339
0.8571428571428572
0.05526315789473679
0.15000000000000002
0.1578947368421053
0.5811965811965811
0.76
0.05526315789473679
0.05526315789473679
0.05526315789473679
0.1923076923076923
0.05526315789473679
0.10543130990415339
0.05526315789473679
0.03703703703703709
0.9815789473684211
0.05526315789473679
0.10543130990415339
0.1724137931034483
0.03703703703703709
0.15000000000000002
0.03349282296650713
0.03703703703703709
0.05526315789473679
0.05526315789473679
0.05526315789473679
0.08361204013377932
0.03703703703703709
0.9574468085106383
0.13461538461538458
0.9921052631578947
0.04761904761904767
0.625
0.08361204013377932
0.15000000000000002
0.8214285714285714
0.03703703703703709
0.03703703703703709
0.2702702702702703
0.10543130990415339
0.9584664536741214
0.03703703703703709
0.05526315789473679
0.13461538461538458
0.03703703703703709
0.9753086419753086
0.10543130990415339
0.05526315789473679
0.05526315789473679
0.05526315789473679
0.2702702702702703
0.05526315789473679
0.05526315789473679
0.05526315789473679
0.08361204013377932
0.08361204013377932
0.10543130990415339
0.9038461538461539
0.20895522388059706
0.03703703703703709
0.08361204013377932
0.10543130990415339
0.4137931034482759
0.7872340425531915
0.20895522388059706
0.03703703703703709
0.1333333333333333
0.5689655172413793
0.20895522388059706
0.6111111111111112
0.08361204013377932
0.9815789473684211
0.08361204013377932
0.05526315789473679
0.8571428571428572
0.08361204013377932
0.05526315789473679
0.9921052631578947
0.05526315789473679
0.15000000000000002
0.7111111111111111
0.05526315789473679
0.08361204013377932
0.8461538461538461
0.08361204013377932
0.10543130990415339
0.5319148936170213
0.05526315789473679
0.9104477611940298
0.08361204013377932
0.1724137931034483
0.2702702702702703
0.05526315789473679
0.1333333333333333
0.20895522388059706
0.08361204013377932
0.1333333333333333
0.5811965811965811
0.5811965811965811
0.10543130990415339
0.05526315789473679
0.03703703703703709
0.05526315789473679
0.5811965811965811
0.05526315789473679
0.03703703703703709
0.03349282296650713
0.1923076923076923
0.2702702702702703
0.08361204013377932
0.8214285714285714
0.9842105263157894
0.2702702702702703
0.03703703703703709
0.03349282296650713
0.08361204013377932
0.9230769230769231
0.05526315789473679
0.76
0.05526315789473679
0.03349282296650713
0.08361204013377932
0.03703703703703709
0.03349282296650713
0.05526315789473679
0.7872340425531915
0.1578947368421053
0.03703703703703709
0.05526315789473679
0.8888888888888888
0.03703703703703709
0.5811965811965811
0.05526315789473679
0.03703703703703709
0.5811965811965811
0.8461538461538461
0.15000000000000002
0.10543130990415339
0.8214285714285714
0.05526315789473679
0.05526315789473679
0.05526315789473679
0.03349282296650713
0.05526315789473679
0.10543130990415339
0.1333333333333333
0.2702702702702703
0.03703703703703709
0.10543130990415339
0.5811965811965811
0.03703703703703709
0.5689655172413793
0.9732441471571907
0.05526315789473679
0.8888888888888888
0.05526315789473679
0.08361204013377932
0.10543130990415339
0.7111111111111111
0.15000000000000002
0.7948717948717949
0.15000000000000002
0.1333333333333333
0.10543130990415339
0.15000000000000002
0.03703703703703709
0.08361204013377932
0.10543130990415339
0.24390243902439024
0.5689655172413793
0.03349282296650713
0.08361204013377932
0.24390243902439024
0.03703703703703709
0.10543130990415339
0.05526315789473679
0.08361204013377932
0.2702702702702703
0.08361204013377932
0.03703703703703709
0.03703703703703709
0.03349282296650713
0.03703703703703709
0.05526315789473679
0.03349282296650713
0.15000000000000002
0.08361204013377932
0.05526315789473679
0.15000000000000002
0.5811965811965811
0.9137931034482758
0.05526315789473679
0.15000000000000002
0.10543130990415339
0.03703703703703709
0.9815789473684211
0.05526315789473679
0.03703703703703709
0.08361204013377932
0.15000000000000002
0.8648648648648649
0.15000000000000002
0.05526315789473679
0.03703703703703709
0.05526315789473679
0.03349282296650713
0.03703703703703709
0.08361204013377932
0.8823529411764706
0.08361204013377932
0.03349282296650713
0.03349282296650713
0.03703703703703709
0.9856459330143541
0.1724137931034483
0.10543130990415339
0.08361204013377932
0.03703703703703709
0.20895522388059706
0.03703703703703709
0.975609756097561
0.08361204013377932
0.03703703703703709
0.5811965811965811
0.2702702702702703
0.03703703703703709
0.20895522388059706
0.05526315789473679
0.96
0.03349282296650713
0.1578947368421053
0.05526315789473679
0.05526315789473679
0.03703703703703709
0.03349282296650713
0.03349282296650713
0.9732441471571907
0.24390243902439024
0.03703703703703709
0.03703703703703709
0.10543130990415339
0.03703703703703709
0.03349282296650713
0.10543130990415339
0.03703703703703709
0.8
0.9868421052631579
0.05526315789473679
0.08361204013377932
0.03703703703703709
0.03703703703703709
0.03703703703703709
0.10543130990415339
0.08361204013377932
0.05526315789473679
0.1923076923076923
0.03703703703703709
0.08361204013377932
0.08361204013377932
0.5319148936170213
0.15000000000000002
0.20895522388059706
0.6785714285714286
0.08361204013377932
0.03703703703703709
0.15000000000000002
0.03703703703703709
0.20895522388059706
0.6785714285714286
0.10543130990415339
0.03703703703703709
0.10543130990415339
0.7948717948717949
0.13461538461538458
0.03703703703703709
0.03349282296650713
0.08361204013377932
0.13461538461538458
0.03349282296650713
0.20895522388059706
0.9137931034482758
0.03703703703703709
0.6785714285714286
0.03703703703703709
0.08361204013377932
0.10543130990415339
0.1578947368421053
0.6599999999999999
0.20895522388059706
0.05526315789473679
0.10543130990415339
0.76
0.10543130990415339
0.03349282296650713
0.08361204013377932
0.13461538461538458
0.03349282296650713
0.5319148936170213
0.05526315789473679
0.03703703703703709
0.9038461538461539
0.08361204013377932
0.8461538461538461
0.9632107023411371
0.8
0.20895522388059706
0.8
0.05526315789473679
0.20895522388059706
0.9753086419753086
0.03703703703703709
0.9210526315789473
0.03349282296650713
0.10543130990415339
0.4137931034482759
0.05526315789473679
0.03349282296650713
0.8461538461538461
0.7586206896551724
0.6111111111111112
0.851063829787234
0.08361204013377932
0.08361204013377932
0.05526315789473679
0.5811965811965811
0.10543130990415339
0.03349282296650713
0.05526315789473679
0.03703703703703709
0.05526315789473679
0.9722222222222222
0.03349282296650713
0.94
0.8783783783783784
0.05526315789473679
0.9866220735785953
0.10543130990415339
0.9821428571428571
0.05526315789473679
0.9111111111111111
0.15000000000000002
0.05526315789473679
0.6724137931034483
0.05526315789473679
0.05526315789473679
0.10543130990415339
0.8888888888888888
0.9815789473684211
0.03349282296650713
0.05526315789473679
0.05526315789473679
0.1923076923076923
0.84
0.05526315789473679
0.05526315789473679
0.08361204013377932
0.05526315789473679
0.10543130990415339
0.1578947368421053
0.10543130990415339
0.6599999999999999
0.03349282296650713
0.03349282296650713
0.84
0.2702702702702703
0.9584664536741214
0.05526315789473679
0.9907407407407407
0.5811965811965811
0.7872340425531915
0.76
0.1724137931034483
0.7111111111111111
0.1923076923076923
0.5811965811965811
0.1724137931034483
0.15000000000000002
0.03703703703703709
0.03349282296650713
0.10543130990415339
0.2702702702702703
0.05526315789473679
0.03349282296650713
0.08361204013377932
0.8571428571428572
0.05526315789473679
0.10543130990415339
0.03703703703703709
0.10543130990415339
0.05526315789473679
0.08361204013377932
0.03349282296650713
0.03703703703703709
0.10543130990415339
0.05526315789473679
0.10543130990415339
0.1578947368421053
0.1578947368421053
0.03349282296650713
0.05526315789473679
0.03703703703703709
0.10543130990415339
0.5811965811965811
0.03703703703703709
0.03349282296650713
0.03703703703703709
0.8888888888888888
0.2702702702702703
0.08361204013377932
0.10543130990415339
0.03703703703703709
0.10543130990415339
0.08361204013377932
0.5689655172413793
0.1578947368421053
0.05526315789473679
0.15000000000000002
0.08361204013377932
0.08361204013377932
0.6111111111111112
0.08361204013377932
0.2702702702702703
0.15000000000000002
0.8888888888888888
0.9310344827586207
0.08361204013377932
0.08361204013377932
0.10543130990415339
0.1724137931034483
0.08361204013377932
0.08361204013377932
0.15000000000000002
0.47058823529411764
0.10543130990415339
0.625
0.03703703703703709
0.10543130990415339
0.08361204013377932
0.08361204013377932
0.20895522388059706
0.1578947368421053
0.05526315789473679
0.1333333333333333
0.5689655172413793
0.10543130990415339
0.03703703703703709
0.03349282296650713
0.9310344827586207
0.15000000000000002
0.5689655172413793
0.03703703703703709
0.10543130990415339
0.9584664536741214
0.03349282296650713
0.9310344827586207
0.05526315789473679
0.10543130990415339
0.04761904761904767
0.2702702702702703
0.76
0.15000000000000002
0.05526315789473679
0.84
0.9632107023411371
0.7058823529411764
0.9584664536741214
0.05526315789473679
0.03349282296650713
0.8461538461538461
0.24390243902439024
0.6724137931034483
0.5811965811965811
0.875
0.05526315789473679
0.5811965811965811
0.10543130990415339
0.03703703703703709
0.05526315789473679
0.03703703703703709
0.76
0.03703703703703709
0.03349282296650713
0.10543130990415339
0.03703703703703709
0.03703703703703709
0.1923076923076923
0.08361204013377932
0.6607142857142857
0.9230769230769231
0.05526315789473679
0.15000000000000002
0.03349282296650713
0.7586206896551724
0.5811965811965811
0.03703703703703709
0.9632107023411371
0.10543130990415339
0.03349282296650713
0.03349282296650713
0.03703703703703709
0.03349282296650713
0.9753086419753086
0.10543130990415339
0.1923076923076923
0.10543130990415339
0.03703703703703709
0.975609756097561
0.7111111111111111
0.10543130990415339
0.2702702702702703
0.10543130990415339
0.03349282296650713
0.05526315789473679
0.15000000000000002
0.03349282296650713
0.15000000000000002
0.5689655172413793
0.08361204013377932
0.03703703703703709
0.13461538461538458
0.08361204013377932
0.03703703703703709
0.05526315789473679
0.9753086419753086
0.8461538461538461
0.10543130990415339
0.10543130990415339
0.03349282296650713
0.5811965811965811
0.24390243902439024
0.7111111111111111
0.08361204013377932
0.10543130990415339
0.2702702702702703
0.05526315789473679
0.03349282296650713
0.05526315789473679
0.15000000000000002
0.03703703703703709
0.1333333333333333
0.03703703703703709
0.20895522388059706
0.8723404255319149
0.10543130990415339
0.10543130990415339
0.08361204013377932
0.03703703703703709
0.20895522388059706
0.8461538461538461
0.15000000000000002
0.05526315789473679
0.8461538461538461
0.96
0.7111111111111111
0.10543130990415339
0.05526315789473679
0.9584664536741214
0.03703703703703709
0.03349282296650713
0.15000000000000002
0.1333333333333333
0.6785714285714286
0.10543130990415339
0.10543130990415339
0.03349282296650713
0.08361204013377932
0.10543130990415339
0.10543130990415339
0.10543130990415339
0.04761904761904767
0.13461538461538458
0.47058823529411764
0.08361204013377932
0.05526315789473679
0.15000000000000002
0.10543130990415339
0.13461538461538458
0.03703703703703709
0.8888888888888888
0.1923076923076923
0.10543130990415339
0.8783783783783784
0.2702702702702703
0.03703703703703709
0.03349282296650713
0.10543130990415339
0.03349282296650713
0.08361204013377932
0.03349282296650713
0.05526315789473679
0.10543130990415339
0.08361204013377932
0.24390243902439024
0.7872340425531915
0.05526315789473679
0.2702702702702703
0.13461538461538458
0.08361204013377932
0.03703703703703709
0.5811965811965811
0.6607142857142857
0.13461538461538458
0.05526315789473679
0.03703703703703709
0.10543130990415339
0.1724137931034483
0.4137931034482759
0.03349282296650713
0.8888888888888888
0.1923076923076923
0.08361204013377932
0.9615384615384616
0.05526315789473679
0.10543130990415339
0.08361204013377932
0.9584664536741214
0.05526315789473679
0.05526315789473679
0.05526315789473679
0.03703703703703709
0.03703703703703709
0.13461538461538458
0.7872340425531915
0.03703703703703709
0.08361204013377932
0.05526315789473679
0.10543130990415339
0.03703703703703709
0.20895522388059706
0.03703703703703709
0.94
0.20895522388059706
0.03703703703703709
0.15000000000000002
0.03703703703703709
0.6111111111111112
0.7777777777777778
0.10543130990415339
0.03703703703703709
0.8648648648648649
0.13461538461538458
0.5811965811965811
0.1724137931034483
0.8888888888888888
0.03703703703703709
0.03349282296650713
0.7111111111111111
0.9815789473684211
0.03349282296650713
0.9584664536741214
0.08361204013377932
0.10543130990415339
0.9038461538461539
0.625
0.03349282296650713
0.13461538461538458
0.10543130990415339
0.05526315789473679
0.03703703703703709
0.08361204013377932
0.10543130990415339
0.8571428571428572
0.10543130990415339
0.05526315789473679
0.08361204013377932
0.03349282296650713
0.1923076923076923
0.24390243902439024
0.20895522388059706
0.7586206896551724
0.1923076923076923
0.6724137931034483
0.03703703703703709
0.94
0.15000000000000002
0.05526315789473679
0.7586206896551724
0.03703703703703709
0.05526315789473679
0.08361204013377932
0.05526315789473679
0.05526315789473679
0.6785714285714286
0.08361204013377932
0.10543130990415339
0.08361204013377932
0.1923076923076923
0.03349282296650713
0.9310344827586207
0.24390243902439024
0.96
0.05526315789473679
0.6599999999999999
0.9584664536741214
0.05526315789473679
0.05526315789473679
0.9137931034482758
0.4137931034482759
0.9584664536741214
0.10543130990415339
0.625
0.4137931034482759
0.7586206896551724
0.08361204013377932
0.8888888888888888
0.15000000000000002
0.08361204013377932
0.15000000000000002
0.2702702702702703
0.8214285714285714
0.08361204013377932
0.896551724137931
0.05526315789473679
0.10543130990415339
0.20895522388059706
0.896551724137931
0.10543130990415339
0.8888888888888888
0.6111111111111112
0.05526315789473679
0.03349282296650713
0.5319148936170213
0.03349282296650713
0.03703703703703709
0.03703703703703709
0.03703703703703709
0.05526315789473679
0.13461538461538458
0.10543130990415339
0.13461538461538458
0.6599999999999999
0.05526315789473679
0.03349282296650713
0.05526315789473679
0.03349282296650713
0.08361204013377932
0.03349282296650713
0.03703703703703709
0.96
0.84
0.04761904761904767
0.8888888888888888
0.13461538461538458
0.08361204013377932
0.10543130990415339
0.20895522388059706
0.03703703703703709
0.2702702702702703
0.08361204013377932
0.03349282296650713
0.6599999999999999
0.24390243902439024
0.5811965811965811
0.05526315789473679
0.03703703703703709
0.20895522388059706
0.03349282296650713
0.15000000000000002
0.05526315789473679
0.03349282296650713
0.1923076923076923
0.1923076923076923
0.08361204013377932
0.05526315789473679
0.03703703703703709
0.2702702702702703
0.08361204013377932
0.9584664536741214
0.03703703703703709
0.08361204013377932
0.03349282296650713
0.6785714285714286
0.05526315789473679
0.15000000000000002
0.2702702702702703
0.03349282296650713
0.05526315789473679
0.05526315789473679
0.9736842105263158
0.2702702702702703
0.8888888888888888
0.2702702702702703
0.10543130990415339
0.05526315789473679
0.03349282296650713
0.2702702702702703
0.03349282296650713
0.8783783783783784
0.10543130990415339
0.08361204013377932
0.05526315789473679
0.851063829787234
0.5811965811965811
0.08361204013377932
0.10543130990415339
0.05526315789473679
0.03349282296650713
0.8214285714285714
0.6724137931034483
0.05526315789473679
0.05526315789473679
0.8783783783783784
0.24390243902439024
0.9904153354632588
0.08361204013377932
0.03703703703703709
0.1923076923076923
0.94
0.03349282296650713
0.08361204013377932
0.8723404255319149
0.08361204013377932
0.03703703703703709
0.1578947368421053
0.7948717948717949
0.08361204013377932
0.5811965811965811
0.03349282296650713
0.03703703703703709
0.9137931034482758
0.05526315789473679
0.05526315789473679
0.08361204013377932
0.4137931034482759
0.03349282296650713
0.1923076923076923
0.08361204013377932
0.24390243902439024
0.7111111111111111
0.05526315789473679
0.08361204013377932
0.08361204013377932
0.03703703703703709
0.03703703703703709
0.03703703703703709
0.05526315789473679
0.15000000000000002
0.76
0.05526315789473679
0.03349282296650713
0.9872204472843451
0.5811965811965811
0.9584664536741214
0.15000000000000002
0.03703703703703709
0.05526315789473679
0.03703703703703709
0.10543130990415339
0.10543130990415339
0.76
0.08361204013377932
0.03703703703703709
0.03703703703703709
0.10543130990415339
0.10543130990415339
0.9615384615384616
0.05526315789473679
0.9137931034482758
0.05526315789473679
0.03349282296650713
0.10543130990415339
0.5689655172413793
0.08361204013377932
0.03703703703703709
0.03703703703703709
0.03703703703703709
0.04761904761904767
0.5319148936170213
0.8571428571428572
0.8648648648648649
0.05526315789473679
0.9166666666666666
0.4137931034482759
0.03349282296650713
0.08361204013377932
0.03703703703703709
0.10543130990415339
0.7948717948717949
0.10543130990415339
0.05526315789473679
0.05526315789473679
0.7111111111111111
0.05526315789473679
0.03349282296650713
0.2702702702702703
0.10543130990415339
0.10543130990415339
0.1923076923076923
0.8723404255319149
0.13461538461538458
0.03703703703703709
0.5319148936170213
0.08361204013377932
0.03349282296650713
0.1578947368421053
0.05526315789473679
0.05526315789473679
0.05526315789473679
0.03349282296650713
0.08361204013377932
0.08361204013377932
0.03703703703703709
0.03349282296650713
0.2702702702702703
0.03703703703703709
0.10543130990415339
0.6785714285714286
0.9872204472843451
0.03703703703703709
0.2702702702702703
0.08361204013377932
0.7058823529411764
0.851063829787234
0.05526315789473679
0.6111111111111112
0.1923076923076923
0.05526315789473679
0.03703703703703709
0.13461538461538458
0.03703703703703709
0.08361204013377932
0.05526315789473679
0.15000000000000002
0.03703703703703709
0.1333333333333333
0.10543130990415339
0.7111111111111111
0.05526315789473679
0.6111111111111112
0.05526315789473679
0.10543130990415339
0.05526315789473679
0.7111111111111111
0.9210526315789473
0.03703703703703709
0.05526315789473679
0.08361204013377932
0.03703703703703709
0.10543130990415339
0.15000000000000002
0.7948717948717949
0.08361204013377932
0.10543130990415339
0.9584664536741214
0.1578947368421053
0.10543130990415339
0.03349282296650713
0.1923076923076923
0.05526315789473679
0.05526315789473679
0.03703703703703709
0.03703703703703709
0.5319148936170213
0.10543130990415339
0.47058823529411764
0.7948717948717949
0.7111111111111111
0.10543130990415339
0.03349282296650713
0.03349282296650713
0.08361204013377932
0.9111111111111111
0.10543130990415339
0.1923076923076923
0.10543130990415339
0.08361204013377932
0.03349282296650713
0.05526315789473679
0.10543130990415339
0.03349282296650713
0.1923076923076923
0.08361204013377932
0.9868421052631579
0.03703703703703709
0.03703703703703709
0.05526315789473679
0.1923076923076923
0.2702702702702703
0.08361204013377932
0.03349282296650713
0.15000000000000002
0.08361204013377932
0.03349282296650713
0.2702702702702703
0.6607142857142857
0.05526315789473679
0.24390243902439024
0.03349282296650713
0.15000000000000002
0.6607142857142857
0.03349282296650713
0.7111111111111111
0.03703703703703709
0.08361204013377932
0.8888888888888888
0.08361204013377932
0.05526315789473679
0.08361204013377932
0.03703703703703709
0.10543130990415339
0.6111111111111112
0.1578947368421053
0.10543130990415339
0.13461538461538458
0.05526315789473679
0.6111111111111112
0.03349282296650713
0.13461538461538458
0.10543130990415339
0.8888888888888888
0.10543130990415339
0.08361204013377932
0.6724137931034483
0.10543130990415339
0.05526315789473679
0.05526315789473679
0.08361204013377932
0.9104477611940298
0.625
0.08361204013377932
0.20895522388059706
0.03349282296650713
0.05526315789473679
0.08361204013377932
0.03703703703703709
0.03703703703703709
0.10543130990415339
0.03703703703703709
0.05526315789473679
0.20895522388059706
0.1333333333333333
0.03349282296650713
0.05526315789473679
0.05526315789473679
0.05526315789473679
0.03349282296650713
0.9632107023411371
0.1923076923076923
0.08361204013377932
0.03703703703703709
0.03349282296650713
0.03703703703703709
0.05526315789473679
0.08361204013377932
0.03349282296650713
0.625
0.9632107023411371
0.08361204013377932
0.03703703703703709
0.2702702702702703
0.05526315789473679
0.13461538461538458
0.03349282296650713
0.6599999999999999
0.03349282296650713
0.896551724137931
0.05526315789473679
0.8
0.10543130990415339
0.03703703703703709
0.04761904761904767
0.03703703703703709
0.10543130990415339
0.10543130990415339
0.05526315789473679
0.03703703703703709
0.625
0.9666666666666667
0.6607142857142857
0.03349282296650713
0.03703703703703709
0.08361204013377932
0.03703703703703709
0.10543130990415339
0.08361204013377932
0.05526315789473679
0.05526315789473679
0.10543130990415339
0.05526315789473679
0.1578947368421053
0.5811965811965811
0.03703703703703709
0.9111111111111111
0.08361204013377932
0.13461538461538458
0.8
0.08361204013377932
0.08361204013377932
0.10543130990415339
0.10543130990415339
0.03703703703703709
0.10543130990415339
0.6785714285714286
0.05526315789473679
0.08361204013377932
0.7111111111111111
0.03703703703703709
0.1578947368421053
0.24390243902439024
0.03703703703703709
0.08361204013377932
0.6785714285714286
0.6111111111111112
0.03703703703703709
0.10543130990415339
0.03703703703703709
0.03703703703703709
0.08361204013377932
0.20895522388059706
0.05526315789473679
0.03703703703703709
0.03703703703703709
0.10543130990415339
0.9872204472843451
0.6111111111111112
0.1578947368421053
0.4137931034482759
0.9904153354632588
0.04761904761904767
0.9104477611940298
0.15000000000000002
0.10543130990415339
0.05526315789473679
0.08361204013377932
0.03703703703703709
0.13461538461538458
0.1578947368421053
0.9856459330143541
0.08361204013377932
0.03703703703703709
0.03703703703703709
0.08361204013377932
0.05526315789473679
0.03703703703703709
0.10543130990415339
0.2702702702702703
0.5319148936170213
0.03349282296650713
0.05526315789473679
0.08361204013377932
0.08361204013377932
0.03349282296650713
0.6607142857142857
0.03703703703703709
0.5319148936170213
0.05526315789473679
0.15000000000000002
0.03349282296650713
0.8461538461538461
0.05526315789473679
0.7948717948717949
0.5689655172413793
0.99
0.10543130990415339
0.10543130990415339
0.1923076923076923
0.03703703703703709
0.9333333333333333
0.05526315789473679
0.20895522388059706
0.10543130990415339
0.9753086419753086
0.03349282296650713
0.03703703703703709
0.10543130990415339
0.5811965811965811
0.05526315789473679
0.05526315789473679
0.05526315789473679
0.05526315789473679
0.7111111111111111
0.05526315789473679
0.05526315789473679
0.03349282296650713
0.9310344827586207
0.03703703703703709
0.05526315789473679
0.10543130990415339
0.9137931034482758
0.10543130990415339
0.6111111111111112
0.05526315789473679
0.9933110367892977
0.03703703703703709
0.03703703703703709
0.1923076923076923
0.10543130990415339
0.03703703703703709
0.10543130990415339
0.1923076923076923
0.03703703703703709
0.8536585365853658
0.08361204013377932
0.05526315789473679
0.03349282296650713
0.10543130990415339
0.08361204013377932
0.05526315789473679
0.03703703703703709
0.1333333333333333
0.03349282296650713
0.9872204472843451
0.5689655172413793
0.03349282296650713
0.15000000000000002
0.05526315789473679
0.10543130990415339
0.13461538461538458
0.9584664536741214
0.10543130990415339
0.20895522388059706
0.5319148936170213
0.10543130990415339
0.5811965811965811
0.9310344827586207
0.10543130990415339
0.8888888888888888
0.94
0.05526315789473679
0.10543130990415339
0.4137931034482759
0.24390243902439024
0.08361204013377932
0.10543130990415339
0.05526315789473679
0.08361204013377932
0.7872340425531915
0.8723404255319149
0.04761904761904767
0.6599999999999999
0.6724137931034483
0.03349282296650713
0.08361204013377932
0.6724137931034483
0.8214285714285714
0.9411764705882353
0.05526315789473679
0.15000000000000002
0.05526315789473679
0.10543130990415339
0.84
0.08361204013377932
0.08361204013377932
0.05526315789473679
0.20895522388059706
0.6599999999999999
0.05526315789473679
0.03703703703703709
0.03703703703703709
0.05526315789473679
0.05526315789473679
0.8888888888888888
0.7948717948717949
0.10543130990415339
0.08361204013377932
0.6785714285714286
0.20895522388059706
0.05526315789473679
0.08361204013377932
0.10543130990415339
0.8536585365853658
0.6111111111111112
0.10543130990415339
0.08361204013377932
0.10543130990415339
0.05526315789473679
0.10543130990415339
0.6111111111111112
0.2702702702702703
0.05526315789473679
0.08361204013377932
0.10543130990415339
0.03349282296650713
0.03703703703703709
0.05526315789473679
0.03349282296650713
0.03703703703703709
0.1333333333333333
0.03349282296650713
0.625
0.6785714285714286
0.05526315789473679
0.03349282296650713
0.05526315789473679
0.05526315789473679
0.1333333333333333
0.1724137931034483
0.10543130990415339
0.9753086419753086
0.08361204013377932
0.05526315789473679
0.1333333333333333
0.2702702702702703
0.1333333333333333
0.15000000000000002
0.10543130990415339
0.9104477611940298
0.03703703703703709
0.03349282296650713
0.03703703703703709
0.03703703703703709
0.625
0.9842105263157894
0.03703703703703709
0.03349282296650713
0.9104477611940298
0.15000000000000002
0.08361204013377932
0.10543130990415339
0.03703703703703709
0.03703703703703709
0.03349282296650713
0.05526315789473679
0.94
0.05526315789473679
0.03703703703703709
0.9969135802469136
0.24390243902439024
0.08361204013377932
0.9904153354632588
0.08361204013377932
0.05526315789473679
0.08361204013377932
0.05526315789473679
0.03703703703703709
0.05526315789473679
0.10543130990415339
0.03703703703703709
0.10543130990415339
0.05526315789473679
0.03703703703703709
0.03349282296650713
0.1578947368421053
0.03703703703703709
0.2702702702702703
0.1724137931034483
0.05526315789473679
0.13461538461538458
0.10543130990415339
0.08361204013377932
0.03703703703703709
0.03349282296650713
0.20895522388059706
0.03349282296650713
0.1923076923076923
0.24390243902439024
0.05526315789473679
0.15000000000000002
0.9868421052631579
0.625
0.08361204013377932
0.03703703703703709
0.03703703703703709
0.13461538461538458
0.5319148936170213
0.05526315789473679
0.8888888888888888
0.96
0.08361204013377932
0.05526315789473679
0.03703703703703709
0.10543130990415339
0.10543130990415339
0.10543130990415339
0.03349282296650713
0.08361204013377932
0.7777777777777778
0.05526315789473679
0.03349282296650713
0.9104477611940298
0.10543130990415339
0.10543130990415339
0.08361204013377932
0.1923076923076923
0.05526315789473679
0.7111111111111111
0.8461538461538461
0.9310344827586207
0.9473684210526316
0.7872340425531915
0.8888888888888888
0.08361204013377932
0.08361204013377932
0.5319148936170213
0.10543130990415339
0.05526315789473679
0.08361204013377932
0.7948717948717949
0.03349282296650713
0.05526315789473679
0.9210526315789473
0.04761904761904767
0.6111111111111112
0.7777777777777778
0.08361204013377932
0.2702702702702703
0.10543130990415339
0.08361204013377932
0.9166666666666666
0.05526315789473679
0.8461538461538461
0.10543130990415339
0.84
0.05526315789473679
0.10543130990415339
0.03349282296650713
0.10543130990415339
0.08361204013377932
0.08361204013377932
0.10543130990415339
0.4137931034482759
0.5811965811965811
0.47058823529411764
0.03703703703703709
0.5811965811965811
0.08361204013377932
0.05526315789473679
0.03349282296650713
0.7111111111111111
0.13461538461538458
0.10543130990415339
0.05526315789473679
0.03703703703703709
0.9842105263157894
0.03703703703703709
0.03349282296650713
0.03349282296650713
0.10543130990415339
0.08361204013377932
0.15000000000000002
0.05526315789473679
0.08361204013377932
0.9615384615384616
0.6599999999999999
0.08361204013377932
0.6607142857142857
0.10543130990415339
0.2702702702702703
0.10543130990415339
0.03703703703703709
0.9856459330143541
0.05526315789473679
0.05526315789473679
0.5811965811965811
0.5689655172413793
0.03703703703703709
0.15000000000000002
0.08361204013377932
0.08361204013377932
0.7948717948717949
0.6724137931034483
0.9230769230769231
0.10543130990415339
0.8
0.7948717948717949
0.10543130990415339
0.05526315789473679
0.5689655172413793
0.08361204013377932
0.05526315789473679
0.05526315789473679
0.05526315789473679
0.1333333333333333
0.6785714285714286
0.10543130990415339
0.8214285714285714
0.6607142857142857
0.03349282296650713
0.20895522388059706
0.08361204013377932
0.03349282296650713
0.8
0.05526315789473679
0.03349282296650713
0.03703703703703709
0.10543130990415339
0.03349282296650713
0.6785714285714286
0.03703703703703709
0.15000000000000002
0.851063829787234
0.20895522388059706
0.05526315789473679
0.10543130990415339
0.03703703703703709
0.20895522388059706
0.03703703703703709
0.2702702702702703
0.05526315789473679
0.7777777777777778
0.10543130990415339
0.9333333333333333
0.08361204013377932
0.9856459330143541
0.2702702702702703
0.5319148936170213
0.03703703703703709
0.05526315789473679
0.5689655172413793
0.1724137931034483
0.2702702702702703
0.08361204013377932
0.10543130990415339
0.08361204013377932
0.6111111111111112
0.08361204013377932
0.03703703703703709
0.03349282296650713
0.08361204013377932
0.05526315789473679
0.9584664536741214
0.10543130990415339
0.8888888888888888
0.9866220735785953
0.03703703703703709
0.03703703703703709
0.10543130990415339
0.13461538461538458
0.6599999999999999
0.8783783783783784
0.10543130990415339
0.24390243902439024
0.03349282296650713
0.94
0.8888888888888888
0.5811965811965811
0.05526315789473679
0.05526315789473679
0.05526315789473679
0.9933110367892977
0.03703703703703709
0.03349282296650713
0.04761904761904767
0.05526315789473679
0.08361204013377932
0.7111111111111111
0.04761904761904767
0.05526315789473679
0.05526315789473679
0.1578947368421053
0.7948717948717949
0.15000000000000002
0.8888888888888888
0.05526315789473679
0.5811965811965811
0.24390243902439024
0.03349282296650713
0.03349282296650713
0.10543130990415339
0.1578947368421053
0.10543130990415339
0.03349282296650713
0.08361204013377932
0.5319148936170213
0.04761904761904767
0.03349282296650713
0.03349282296650713
0.1923076923076923
0.05526315789473679
0.9807692307692307
0.10543130990415339
0.05526315789473679
0.10543130990415339
0.1724137931034483
0.08361204013377932
0.15000000000000002
0.08361204013377932
0.6111111111111112
0.03703703703703709
0.5811965811965811
0.05526315789473679
0.1578947368421053
0.03703703703703709
0.15000000000000002
0.08361204013377932
0.9666666666666667
0.4137931034482759
0.08361204013377932
0.05526315789473679
0.5319148936170213
0.1333333333333333
0.8783783783783784
0.08361204013377932
0.1923076923076923
0.47058823529411764
0.2702702702702703
0.05526315789473679
0.03703703703703709
0.08361204013377932
0.05526315789473679
0.10543130990415339
0.03703703703703709
0.08361204013377932
0.03703703703703709
0.08361204013377932
0.6599999999999999
0.5811965811965811
0.9137931034482758
0.10543130990415339
0.7948717948717949
0.03703703703703709
0.84
0.6111111111111112
0.9632107023411371
0.03703703703703709
0.03349282296650713
0.9866220735785953
0.10543130990415339
0.20895522388059706
0.10543130990415339
0.6607142857142857
0.1333333333333333
0.1578947368421053
0.9732441471571907
0.7111111111111111
0.5319148936170213
0.7111111111111111
0.03703703703703709
0.03349282296650713
0.05526315789473679
0.10543130990415339
0.05526315789473679
0.03349282296650713
0.10543130990415339
0.03703703703703709
0.13461538461538458
0.03349282296650713
0.05526315789473679
0.8461538461538461
0.1724137931034483
0.15000000000000002
0.03703703703703709
0.03703703703703709
0.9584664536741214
0.9310344827586207
0.05526315789473679
0.8214285714285714
0.08361204013377932
0.15000000000000002
0.7948717948717949
0.15000000000000002
0.05526315789473679
0.8461538461538461
0.15000000000000002
0.625
0.6785714285714286
0.20895522388059706
0.8214285714285714
0.03349282296650713
0.15000000000000002
0.10543130990415339
0.08361204013377932
0.08361204013377932
0.10543130990415339
0.05526315789473679
0.03703703703703709
0.15000000000000002
0.08361204013377932
0.03703703703703709
0.08361204013377932
0.6111111111111112
0.15000000000000002
0.10543130990415339
0.03703703703703709
0.5689655172413793
0.05526315789473679
0.8648648648648649
0.03703703703703709
0.7948717948717949
0.04761904761904767
0.10543130990415339
0.03703703703703709
0.05526315789473679
0.10543130990415339
0.03349282296650713
0.08361204013377932
0.03703703703703709
0.08361204013377932
0.9104477611940298
0.08361204013377932
0.10543130990415339
0.03703703703703709
0.8888888888888888
0.10543130990415339
0.15000000000000002
0.10543130990415339
0.05526315789473679
0.05526315789473679
0.03349282296650713
0.8888888888888888
0.9584664536741214
0.9104477611940298
0.15000000000000002
0.03703703703703709
0.10543130990415339
0.9732441471571907
0.10543130990415339
0.08361204013377932
0.1578947368421053
0.7111111111111111
0.7777777777777778
0.9137931034482758
0.03703703703703709
0.10543130990415339
0.6724137931034483
0.08361204013377932
0.8888888888888888
0.03349282296650713
0.03703703703703709
0.08361204013377932
0.13461538461538458
0.13461538461538458
0.05526315789473679
0.20895522388059706
0.03349282296650713
0.03349282296650713
0.08361204013377932
0.8461538461538461
0.9615384615384616
0.5811965811965811
0.8783783783783784
0.04761904761904767
0.08361204013377932
0.03349282296650713
0.10543130990415339
0.03349282296650713
0.05526315789473679
0.10543130990415339
0.03703703703703709
0.7948717948717949
0.03349282296650713
0.6599999999999999
0.5689655172413793
0.05526315789473679
0.5689655172413793
0.7948717948717949
0.8
0.08361204013377932
0.08361204013377932
0.1923076923076923
0.08361204013377932
0.6111111111111112
0.8648648648648649
0.05526315789473679
0.10543130990415339
0.03703703703703709
0.875
0.03349282296650713
0.03703703703703709
0.6607142857142857
0.10543130990415339
0.08361204013377932
0.10543130990415339
0.10543130990415339
0.10543130990415339
0.08361204013377932
0.1923076923076923
0.03703703703703709
0.1578947368421053
0.6724137931034483
0.03703703703703709
0.2702702702702703
0.10543130990415339
0.1333333333333333
0.05526315789473679
0.05526315789473679
0.05526315789473679
0.9137931034482758
