0.9183673469387755
0.1063829787234043
0.7959183673469388
0.9230769230769231
0.6146788990825688
0.12627986348122866
0.7105263157894737
0.8285714285714285
0.1063829787234043
0.6432432432432432
0.19021739130434778
0.8831168831168831
0.1288343558282209
0.9047619047619048
0.30327868852459017
0.12627986348122866
0.12627986348122866
0.19021739130434778
0.6146788990825688
0.8205128205128205
0.19021739130434778
0.05882352941176472
0.7017543859649122
0.12627986348122866
0.38235294117647056
0.08130081300813008
0.30327868852459017
0.1288343558282209
0.6351351351351351
0.8524590163934427
0.12627986348122866
0.65625
0.6324324324324324
0.12627986348122866
0.19021739130434778
0.39534883720930236
0.30327868852459017
0.12627986348122866
0.19021739130434778
0.9230769230769231
0.6432432432432432
0.9411764705882353
0.1063829787234043
0.9411764705882353
0.9347826086956522
0.7339449541284404
0.30612244897959184
0.8571428571428572
0.9574468085106383
0.19021739130434778
0.9182389937106918
0.8553459119496856
0.19021739130434778
0.8508771929824561
0.8715596330275229
0.1875
0.47706422018348627
0.12627986348122866
0.6432432432432432
0.12627986348122866
0.19021739130434778
0.12627986348122866
0.33333333333333337
0.47706422018348627
0.47706422018348627
0.7441860465116279
0.7017543859649122
0.12627986348122866
0.4779874213836478
0.8378378378378378
0.9385665529010239
0.6432432432432432
0.30327868852459017
0.6146788990825688
0.38235294117647056
0.9347826086956522
0.4779874213836478
0.8571428571428572
0.47706422018348627
0.8
0.5571428571428572
0.75
0.7981651376146789
0.926605504587156
0.23076923076923073
0.1288343558282209
0.6432432432432432
0.9534883720930233
0.7981651376146789
0.303030303030303
0.12627986348122866
0.9411764705882353
0.7339449541284404
0.7017543859649122
0.890625
0.7647058823529411
0.5113636363636364
0.7706422018348624
0.6324324324324324
0.12627986348122866
0.12627986348122866
0.1288343558282209
0.38235294117647056
0.12627986348122866
0.6324324324324324
0.12627986348122866
0.9510869565217391
0.6324324324324324
0.6351351351351351
0.19021739130434778
0.9385665529010239
0.7017543859649122
0.8594594594594595
0.23076923076923073
0.30327868852459017
0.6146788990825688
0.3076923076923077
0.19021739130434778
0.6146788990825688
0.65625
0.75
0.12627986348122866
0.8427672955974843
0.1288343558282209
0.8
0.65625
0.8285714285714285
0.12627986348122866
0.7105263157894737
0.9411764705882353
0.8636363636363636
0.7878787878787878
0.8594594594594595
0.08130081300813008
0.12627986348122866
0.303030303030303
0.12627986348122866
0.6324324324324324
0.8947368421052632
0.08130081300813008
0.1288343558282209
0.3076923076923077
0.9590443686006827
0.23076923076923073
0.8769230769230769
0.30327868852459017
0.08130081300813008
0.39534883720930236
0.5113636363636364
0.33333333333333337
0.08130081300813008
0.8553459119496856
0.08130081300813008
0.12627986348122866
0.9829351535836177
0.908256880733945
0.8421052631578947
0.30327868852459017
0.9447852760736196
0.9615384615384616
0.8771929824561404
0.1288343558282209
0.12627986348122866
0.9672131147540983
0.3076923076923077
0.29824561403508776
0.9318181818181819
0.12627986348122866
0.9344262295081968
0.8
0.5113636363636364
0.33333333333333337
0.12627986348122866
0.12627986348122866
0.8427672955974843
0.9411764705882353
0.7017543859649122
0.8947368421052632
0.926605504587156
0.12627986348122866
0.71875
0.12627986348122866
0.7339449541284404
0.6666666666666667
0.3076923076923077
0.8553459119496856
0.30327868852459017
0.08130081300813008
0.08130081300813008
0.19021739130434778
0.19021739130434778
0.29824561403508776
0.7105263157894737
0.7339449541284404
0.7706422018348624
0.39534883720930236
0.19021739130434778
0.38235294117647056
0.6432432432432432
0.19021739130434778
0.19021739130434778
0.6324324324324324
0.6432432432432432
0.47706422018348627
0.8594594594594595
0.8285714285714285
0.38235294117647056
0.1875
0.5113636363636364
0.3076923076923077
0.4779874213836478
0.8427672955974843
0.30327868852459017
0.7142857142857143
0.08130081300813008
0.1288343558282209
0.12627986348122866
0.12627986348122866
0.8715596330275229
0.1063829787234043
0.7441860465116279
0.05882352941176472
0.6351351351351351
0.8594594594594595
0.65625
0.47706422018348627
0.30327868852459017
0.30327868852459017
0.38235294117647056
0.7878787878787878
0.33333333333333337
0.944954128440367
0.08130081300813008
0.1288343558282209
0.4779874213836478
0.12627986348122866
0.8701298701298701
0.08130081300813008
0.1288343558282209
0.12627986348122866
0.9182389937106918
0.12627986348122866
0.08130081300813008
0.47706422018348627
0.09090909090909094
0.7981651376146789
0.6324324324324324
0.08130081300813008
0.9183673469387755
0.1288343558282209
0.8715596330275229
0.1288343558282209
0.1288343558282209
0.12627986348122866
0.6324324324324324
0.6324324324324324
0.08130081300813008
0.39534883720930236
0.926605504587156
0.6324324324324324
0.5113636363636364
0.5113636363636364
0.7981651376146789
0.7105263157894737
0.8636363636363636
0.75
0.12627986348122866
0.734375
0.7959183673469388
0.8594594594594595
0.9411764705882353
0.5571428571428572
0.19021739130434778
0.4779874213836478
0.12627986348122866
0.49350649350649356
0.19021739130434778
0.6351351351351351
0.75
0.6432432432432432
0.8769230769230769
0.1288343558282209
0.6146788990825688
0.1063829787234043
0.7142857142857143
0.8596491228070176
0.19021739130434778
0.19021739130434778
0.9056603773584906
0.5571428571428572
0.9945652173913043
0.08130081300813008
0.8205128205128205
0.8715596330275229
0.71875
0.19021739130434778
0.1875
0.33333333333333337
0.12627986348122866
0.9344262295081968
0.1288343558282209
0.6432432432432432
0.5571428571428572
0.8
0.6324324324324324
0.8571428571428572
0.8524590163934427
0.6351351351351351
0.38235294117647056
0.19021739130434778
0.08130081300813008
0.9815950920245399
0.4779874213836478
0.7706422018348624
0.1063829787234043
0.8508771929824561
0.4779874213836478
0.12627986348122866
0.08130081300813008
0.49350649350649356
0.9090909090909091
0.47706422018348627
0.12627986348122866
0.6432432432432432
0.8701298701298701
0.8553459119496856
0.38235294117647056
0.12627986348122866
0.1063829787234043
0.19021739130434778
0.7878787878787878
0.38235294117647056
0.6324324324324324
0.6432432432432432
0.1288343558282209
0.30327868852459017
0.734375
0.7339449541284404
0.6324324324324324
0.12627986348122866
0.8421052631578947
0.12627986348122866
0.8714285714285714
0.71875
0.33333333333333337
0.38235294117647056
0.1063829787234043
0.6146788990825688
0.9183673469387755
0.8594594594594595
0.6324324324324324
0.8648648648648649
0.4779874213836478
0.6432432432432432
0.12627986348122866
0.71875
0.75
0.47706422018348627
0.7432432432432432
0.8947368421052632
0.6324324324324324
0.30327868852459017
0.9293478260869565
0.6432432432432432
0.8553459119496856
0.6324324324324324
0.9815950920245399
0.9347826086956522
0.75
0.90625
0.12627986348122866
0.8947368421052632
0.23076923076923073
0.1288343558282209
0.30327868852459017
0.38235294117647056
0.6324324324324324
0.7706422018348624
0.8771929824561404
0.8378378378378378
0.8285714285714285
0.975609756097561
0.6351351351351351
0.12627986348122866
0.47706422018348627
0.8701298701298701
0.9672131147540983
0.47706422018348627
0.1288343558282209
0.9385665529010239
0.6432432432432432
0.8596491228070176
0.6432432432432432
0.30327868852459017
0.7727272727272727
0.5113636363636364
0.1063829787234043
0.12627986348122866
0.303030303030303
0.71875
0.5571428571428572
0.6432432432432432
0.30327868852459017
0.19021739130434778
0.1288343558282209
0.8846153846153846
0.08130081300813008
0.9590443686006827
0.8427672955974843
0.1288343558282209
0.7647058823529411
0.8051948051948052
0.19021739130434778
0.8508771929824561
0.8553459119496856
0.29824561403508776
0.9056603773584906
0.33333333333333337
0.29824561403508776
0.7432432432432432
0.30612244897959184
0.33333333333333337
0.8553459119496856
0.30327868852459017
0.49350649350649356
0.29824561403508776
0.30612244897959184
0.1288343558282209
0.19021739130434778
0.8717948717948718
0.9189189189189189
0.8831168831168831
0.4779874213836478
0.1288343558282209
0.19021739130434778
0.6146788990825688
0.08130081300813008
0.12627986348122866
0.1288343558282209
0.9829351535836177
0.5113636363636364
0.7647058823529411
0.39534883720930236
0.9385665529010239
0.8636363636363636
0.05882352941176472
0.3076923076923077
0.30327868852459017
0.12627986348122866
0.7432432432432432
0.3076923076923077
0.75
0.6351351351351351
0.29824561403508776
0.19021739130434778
0.12627986348122866
0.5113636363636364
0.19021739130434778
0.08130081300813008
0.08130081300813008
0.39534883720930236
0.6146788990825688
0.9510869565217391
0.23076923076923073
0.9590443686006827
0.9347826086956522
0.7017543859649122
0.8553459119496856
0.5113636363636364
0.8771929824561404
0.19021739130434778
0.8714285714285714
0.6146788990825688
0.9385665529010239
0.12627986348122866
0.6146788990825688
0.8051948051948052
0.47706422018348627
0.890625
0.19021739130434778
0.7706422018348624
0.8594594594594595
0.47706422018348627
0.12627986348122866
0.8594594594594595
0.8636363636363636
0.3076923076923077
0.19021739130434778
0.19021739130434778
0.12627986348122866
0.6351351351351351
0.9541284403669725
0.6324324324324324
0.12627986348122866
0.3076923076923077
0.9056603773584906
0.9056603773584906
0.47706422018348627
0.9385665529010239
0.12627986348122866
0.12627986348122866
0.9783783783783784
0.08130081300813008
0.8051948051948052
0.1288343558282209
0.8508771929824561
0.6432432432432432
0.9056603773584906
0.8714285714285714
0.08130081300813008
0.6432432432432432
0.7981651376146789
0.30612244897959184
0.38235294117647056
0.1288343558282209
0.5571428571428572
0.890625
0.5113636363636364
0.12627986348122866
0.967479674796748
0.19021739130434778
0.7727272727272727
0.303030303030303
0.6146788990825688
0.8771929824561404
0.6432432432432432
0.23076923076923073
0.8553459119496856
0.7339449541284404
0.8427672955974843
0.8051948051948052
0.12627986348122866
0.6324324324324324
0.8648648648648649
0.38235294117647056
0.12627986348122866
0.6432432432432432
0.8771929824561404
0.1288343558282209
0.19021739130434778
0.33333333333333337
0.19021739130434778
0.12627986348122866
0.7105263157894737
0.6324324324324324
0.08130081300813008
0.1288343558282209
0.49350649350649356
0.19021739130434778
0.12627986348122866
0.08130081300813008
0.1288343558282209
0.12627986348122866
0.49350649350649356
0.65625
0.6324324324324324
0.8596491228070176
0.4779874213836478
0.08130081300813008
0.5113636363636364
0.12627986348122866
0.38235294117647056
0.6146788990825688
0.30612244897959184
0.8553459119496856
0.3076923076923077
0.1288343558282209
0.8701298701298701
0.09090909090909094
0.12627986348122866
0.49350649350649356
0.7105263157894737
0.5113636363636364
0.4779874213836478
0.6666666666666667
0.75
0.7706422018348624
0.7017543859649122
0.6351351351351351
0.6324324324324324
0.6146788990825688
0.47706422018348627
0.4779874213836478
0.23076923076923073
0.1288343558282209
0.38235294117647056
0.1288343558282209
0.49350649350649356
0.7017543859649122
0.9931740614334471
0.7339449541284404
0.9428571428571428
0.7105263157894737
0.33333333333333337
0.12627986348122866
0.29824561403508776
0.05882352941176472
0.9590443686006827
0.12627986348122866
0.3076923076923077
0.9428571428571428
0.8769230769230769
0.9649122807017544
0.9815950920245399
0.75
0.30612244897959184
0.12627986348122866
0.1288343558282209
0.12627986348122866
0.7432432432432432
0.12627986348122866
0.1288343558282209
0.303030303030303
0.8715596330275229
0.30327868852459017
0.19021739130434778
0.3076923076923077
0.1288343558282209
0.5113636363636364
0.1288343558282209
0.7441860465116279
0.6432432432432432
0.6432432432432432
0.33333333333333337
0.8378378378378378
0.19021739130434778
0.8864864864864865
0.33333333333333337
0.7959183673469388
0.8864864864864865
0.8596491228070176
0.29824561403508776
0.5113636363636364
0.9385665529010239
0.9056603773584906
0.8553459119496856
0.1288343558282209
0.9318181818181819
0.9829351535836177
0.38235294117647056
0.9590443686006827
0.8553459119496856
0.33333333333333337
0.7878787878787878
0.75
0.30612244897959184
0.5571428571428572
0.8051948051948052
0.47706422018348627
0.30612244897959184
0.303030303030303
0.30327868852459017
0.1875
0.30327868852459017
0.7878787878787878
0.7981651376146789
0.33333333333333337
0.1288343558282209
0.08130081300813008
0.9056603773584906
0.7105263157894737
0.9230769230769231
0.12627986348122866
0.33333333333333337
0.30327868852459017
0.5571428571428572
0.8421052631578947
0.7706422018348624
0.12627986348122866
0.1288343558282209
0.29824561403508776
0.30612244897959184
0.7727272727272727
0.9705882352941176
0.7017543859649122
0.7727272727272727
0.7339449541284404
0.9447852760736196
0.33333333333333337
0.12627986348122866
0.8553459119496856
0.9523809523809523
0.7142857142857143
0.9426229508196722
0.6666666666666667
0.12627986348122866
0.12627986348122866
0.65625
0.29824561403508776
0.1288343558282209
0.29824561403508776
0.19021739130434778
0.71875
0.9182389937106918
0.5571428571428572
0.9230769230769231
0.19021739130434778
0.7017543859649122
0.47706422018348627
0.12627986348122866
0.30327868852459017
0.47706422018348627
0.19021739130434778
0.47706422018348627
0.303030303030303
0.49350649350649356
0.8831168831168831
0.19021739130434778
0.1063829787234043
0.12627986348122866
0.19021739130434778
0.8524590163934427
0.6324324324324324
0.9815950920245399
0.8508771929824561
0.4779874213836478
0.75
0.8508771929824561
0.1063829787234043
0.33333333333333337
0.6432432432432432
0.23076923076923073
0.9393939393939394
0.1063829787234043
0.49350649350649356
0.8553459119496856
0.3076923076923077
0.7339449541284404
0.908256880733945
0.8524590163934427
0.7339449541284404
0.734375
0.49350649350649356
0.29824561403508776
0.8594594594594595
0.19021739130434778
0.47706422018348627
0.12627986348122866
0.49350649350649356
0.8427672955974843
0.4779874213836478
0.30327868852459017
0.8427672955974843
0.5113636363636364
0.1288343558282209
0.8508771929824561
0.5571428571428572
0.08130081300813008
0.1288343558282209
0.12627986348122866
0.8524590163934427
0.1288343558282209
0.19021739130434778
0.7878787878787878
0.9829351535836177
0.30327868852459017
0.8771929824561404
0.38235294117647056
0.975609756097561
0.8378378378378378
0.23076923076923073
0.33333333333333337
0.3076923076923077
0.6432432432432432
0.7981651376146789
0.12627986348122866
0.19021739130434778
0.1288343558282209
0.8594594594594595
0.71875
0.7017543859649122
0.8051948051948052
0.7339449541284404
0.12627986348122866
0.8051948051948052
0.7959183673469388
0.30327868852459017
0.3076923076923077
0.12627986348122866
0.12627986348122866
0.84375
0.4779874213836478
0.8864864864864865
0.9574468085106383
0.1288343558282209
0.6666666666666667
0.8714285714285714
0.29824561403508776
0.08130081300813008
0.38235294117647056
0.19021739130434778
0.9204545454545454
0.4779874213836478
0.5571428571428572
0.8864864864864865
0.12627986348122866
0.975609756097561
0.8524590163934427
0.19021739130434778
0.08130081300813008
0.12627986348122866
0.8
0.8
0.6351351351351351
0.30612244897959184
0.19021739130434778
0.9056603773584906
0.8378378378378378
0.75
0.39534883720930236
0.8
0.8553459119496856
0.8715596330275229
0.1288343558282209
0.8701298701298701
0.9426229508196722
0.12627986348122866
0.1288343558282209
0.08130081300813008
0.30612244897959184
0.19021739130434778
0.6432432432432432
0.33333333333333337
0.1063829787234043
0.47706422018348627
0.49350649350649356
0.7878787878787878
0.3076923076923077
0.9631901840490797
0.12627986348122866
0.8594594594594595
0.5571428571428572
0.12627986348122866
0.29824561403508776
0.19021739130434778
0.4779874213836478
0.9344262295081968
0.19021739130434778
0.12627986348122866
0.1288343558282209
0.9293478260869565
0.9347826086956522
0.6146788990825688
0.19021739130434778
0.12627986348122866
0.7105263157894737
0.19021739130434778
0.8648648648648649
0.33333333333333337
0.30327868852459017
0.19021739130434778
0.6432432432432432
0.4779874213836478
0.1288343558282209
0.5571428571428572
0.33333333333333337
0.30327868852459017
0.12627986348122866
0.6432432432432432
0.4779874213836478
0.19021739130434778
0.12627986348122866
0.1288343558282209
0.8771929824561404
0.4779874213836478
0.30327868852459017
0.08130081300813008
0.1063829787234043
0.8648648648648649
0.30327868852459017
0.1288343558282209
0.734375
0.8051948051948052
0.6146788990825688
0.6666666666666667
0.9293478260869565
0.84375
0.6351351351351351
0.8378378378378378
0.8427672955974843
0.33333333333333337
0.12627986348122866
0.1288343558282209
0.49350649350649356
0.7017543859649122
0.6324324324324324
0.8285714285714285
0.3076923076923077
0.12627986348122866
0.4779874213836478
0.1288343558282209
0.30327868852459017
0.1288343558282209
0.38235294117647056
0.303030303030303
0.6146788990825688
0.33333333333333337
0.7857142857142857
0.19021739130434778
0.12627986348122866
0.3076923076923077
0.29824561403508776
0.9347826086956522
0.8831168831168831
0.1063829787234043
0.9541284403669725
0.6432432432432432
0.9385665529010239
0.38235294117647056
0.5571428571428572
0.4779874213836478
0.39534883720930236
0.1288343558282209
0.7105263157894737
0.6146788990825688
0.4779874213836478
0.19021739130434778
0.65625
0.9293478260869565
0.8553459119496856
0.1288343558282209
0.9361702127659575
0.5113636363636364
0.12627986348122866
0.6432432432432432
0.23076923076923073
0.47706422018348627
0.9344262295081968
0.6146788990825688
0.08130081300813008
0.9385665529010239
0.4779874213836478
0.12627986348122866
0.8125
0.90625
0.33333333333333337
0.08130081300813008
0.08130081300813008
0.6432432432432432
0.6146788990825688
0.30612244897959184
0.7017543859649122
0.39534883720930236
0.38235294117647056
0.948051948051948
0.08130081300813008
0.7727272727272727
0.1063829787234043
0.19021739130434778
0.1288343558282209
0.49350649350649356
0.8717948717948718
0.75
0.05882352941176472
0.19021739130434778
0.9230769230769231
0.975609756097561
0.7105263157894737
0.19021739130434778
0.7432432432432432
0.19021739130434778
0.49350649350649356
0.8717948717948718
0.7706422018348624
0.890625
0.30327868852459017
0.75
0.08130081300813008
0.8771929824561404
0.6146788990825688
0.23076923076923073
0.9447852760736196
0.4779874213836478
0.30327868852459017
0.12627986348122866
0.6324324324324324
0.8831168831168831
0.8594594594594595
0.29824561403508776
0.9447852760736196
0.6432432432432432
0.7105263157894737
0.38235294117647056
0.8508771929824561
0.7441860465116279
0.4779874213836478
0.12627986348122866
0.12627986348122866
0.8864864864864865
0.75
0.9428571428571428
0.7432432432432432
0.7981651376146789
0.9767441860465116
0.8285714285714285
0.8864864864864865
0.9182389937106918
0.8717948717948718
0.12627986348122866
0.1288343558282209
0.12627986348122866
0.8524590163934427
0.30327868852459017
0.7432432432432432
0.8421052631578947
0.7727272727272727
0.47706422018348627
0.7105263157894737
0.08130081300813008
0.30327868852459017
0.05882352941176472
0.19021739130434778
0.9047619047619048
0.8378378378378378
0.12627986348122866
0.4779874213836478
0.05882352941176472
0.9672131147540983
0.39534883720930236
0.9534883720930233
0.5571428571428572
0.8427672955974843
0.1288343558282209
0.19021739130434778
0.9230769230769231
0.7017543859649122
0.8715596330275229
0.1288343558282209
0.9182389937106918
0.8831168831168831
0.1288343558282209
0.49350649350649356
0.908256880733945
0.9783783783783784
0.7647058823529411
0.19021739130434778
0.12627986348122866
0.23076923076923073
0.7981651376146789
0.7105263157894737
0.9426229508196722
0.6324324324324324
0.29824561403508776
0.8864864864864865
0.734375
0.3076923076923077
0.926605504587156
0.49350649350649356
0.9590443686006827
0.9204545454545454
0.65625
0.9931740614334471
0.6324324324324324
0.7017543859649122
0.9189189189189189
0.12627986348122866
0.47706422018348627
0.1288343558282209
0.9385665529010239
0.08130081300813008
0.7017543859649122
0.7727272727272727
0.6146788990825688
0.6351351351351351
0.7647058823529411
0.8715596330275229
0.8771929824561404
0.30327868852459017
0.30327868852459017
0.12627986348122866
0.12627986348122866
0.9385665529010239
0.8285714285714285
0.9293478260869565
0.6324324324324324
0.19021739130434778
0.12627986348122866
0.49350649350649356
0.30327868852459017
0.19021739130434778
0.5571428571428572
0.38235294117647056
0.19021739130434778
0.6324324324324324
0.8427672955974843
0.1063829787234043
0.8285714285714285
0.33333333333333337
0.49350649350649356
0.1063829787234043
0.08130081300813008
0.4779874213836478
0.29824561403508776
0.303030303030303
0.5571428571428572
0.4779874213836478
0.33333333333333337
0.12627986348122866
0.19021739130434778
0.908256880733945
0.734375
0.8701298701298701
0.75
0.6324324324324324
0.12627986348122866
0.8125
0.5113636363636364
0.9385665529010239
0.39534883720930236
0.12627986348122866
0.7981651376146789
0.734375
0.30327868852459017
0.47706422018348627
0.5113636363636364
0.7706422018348624
0.12627986348122866
0.19021739130434778
0.33333333333333337
0.4779874213836478
0.30327868852459017
0.33333333333333337
0.30327868852459017
0.12627986348122866
0.1288343558282209
0.4779874213836478
0.5113636363636364
0.39534883720930236
0.71875
0.49350649350649356
0.5113636363636364
0.9426229508196722
0.6432432432432432
0.1288343558282209
0.5113636363636364
0.12627986348122866
0.7432432432432432
0.12627986348122866
0.7706422018348624
0.4779874213836478
0.6146788990825688
0.12627986348122866
0.7727272727272727
0.8051948051948052
0.8769230769230769
0.4779874213836478
0.7432432432432432
0.30612244897959184
0.30327868852459017
0.9590443686006827
0.12627986348122866
0.9182389937106918
0.5113636363636364
0.39534883720930236
0.1288343558282209
0.71875
0.08130081300813008
0.7857142857142857
0.19021739130434778
0.9590443686006827
0.12627986348122866
0.1288343558282209
0.38235294117647056
0.08130081300813008
0.47706422018348627
0.9189189189189189
0.8947368421052632
0.6432432432432432
0.08130081300813008
0.12627986348122866
0.12627986348122866
0.8594594594594595
0.19021739130434778
0.1063829787234043
0.4779874213836478
0.1288343558282209
0.12627986348122866
0.09090909090909094
0.47706422018348627
0.4779874213836478
0.8864864864864865
0.3076923076923077
0.39534883720930236
0.33333333333333337
0.1288343558282209
0.8715596330275229
0.6324324324324324
0.7706422018348624
0.9056603773584906
0.12627986348122866
0.6432432432432432
0.19021739130434778
0.47706422018348627
0.39534883720930236
0.9182389937106918
0.1875
0.6324324324324324
0.9447852760736196
0.7339449541284404
0.39534883720930236
0.1288343558282209
0.19021739130434778
0.9361702127659575
0.7105263157894737
0.7432432432432432
0.4779874213836478
0.1288343558282209
0.4779874213836478
0.5113636363636364
0.967479674796748
0.1063829787234043
0.75
0.19021739130434778
0.9411764705882353
0.7105263157894737
0.12627986348122866
0.7105263157894737
0.8648648648648649
0.7432432432432432
0.49350649350649356
0.8285714285714285
0.6324324324324324
0.6324324324324324
0.9829351535836177
0.6146788990825688
0.12627986348122866
0.19021739130434778
0.1288343558282209
0.33333333333333337
0.6432432432432432
0.12627986348122866
0.12627986348122866
0.12627986348122866
0.9230769230769231
0.9361702127659575
0.30327868852459017
0.75
0.8
0.5113636363636364
0.08130081300813008
0.8594594594594595
0.9692307692307692
0.9590443686006827
0.19021739130434778
0.33333333333333337
0.9795918367346939
0.90625
0.8594594594594595
0.7981651376146789
0.19021739130434778
0.08130081300813008
0.71875
0.4779874213836478
0.12627986348122866
0.08130081300813008
0.30327868852459017
0.5571428571428572
0.944954128440367
0.8051948051948052
0.7959183673469388
0.38235294117647056
0.3076923076923077
0.9056603773584906
0.84375
0.8427672955974843
0.6324324324324324
0.734375
0.8
0.4779874213836478
0.9189189189189189
0.08130081300813008
0.1288343558282209
0.6432432432432432
0.8636363636363636
0.8553459119496856
0.12627986348122866
0.890625
0.6351351351351351
0.6432432432432432
0.9344262295081968
0.7727272727272727
0.08130081300813008
0.4779874213836478
0.8524590163934427
0.8508771929824561
0.1288343558282209
0.38235294117647056
0.29824561403508776
0.49350649350649356
0.49350649350649356
0.8636363636363636
0.9590443686006827
0.7105263157894737
0.4779874213836478
0.08130081300813008
0.8714285714285714
0.8831168831168831
0.9631901840490797
0.12627986348122866
0.9318181818181819
0.47706422018348627
0.4779874213836478
0.8524590163934427
0.5113636363636364
0.1288343558282209
0.9649122807017544
0.7105263157894737
0.7339449541284404
0.9347826086956522
0.23076923076923073
0.4779874213836478
0.30327868852459017
0.1288343558282209
0.926605504587156
0.1063829787234043
0.12627986348122866
0.30327868852459017
0.3076923076923077
0.9302325581395349
0.05882352941176472
0.5571428571428572
0.6324324324324324
0.5571428571428572
0.12627986348122866
0.19021739130434778
0.3076923076923077
0.7339449541284404
0.08130081300813008
0.3076923076923077
0.8524590163934427
0.6324324324324324
0.7727272727272727
0.12627986348122866
0.9411764705882353
0.8508771929824561
0.3076923076923077
0.734375
0.4779874213836478
0.29824561403508776
0.08130081300813008
0.8553459119496856
0.39534883720930236
0.9347826086956522
0.3076923076923077
0.47706422018348627
0.19021739130434778
0.6432432432432432
0.8596491228070176
0.08130081300813008
0.7727272727272727
0.8
0.6324324324324324
0.9182389937106918
0.30612244897959184
0.6351351351351351
0.7706422018348624
0.30612244897959184
0.9510869565217391
0.6146788990825688
0.9204545454545454
0.1288343558282209
0.1288343558282209
0.1288343558282209
0.1875
0.30612244897959184
0.7441860465116279
0.1063829787234043
0.9293478260869565
0.1063829787234043
0.12627986348122866
0.8594594594594595
0.7017543859649122
0.12627986348122866
0.303030303030303
0.12627986348122866
0.8596491228070176
0.47706422018348627
0.7959183673469388
0.8594594594594595
0.6324324324324324
0.926605504587156
0.7017543859649122
0.19021739130434778
0.47706422018348627
0.4779874213836478
0.7105263157894737
0.7857142857142857
0.38235294117647056
0.4779874213836478
0.90625
0.12627986348122866
0.08130081300813008
0.7105263157894737
0.1288343558282209
0.7105263157894737
0.08130081300813008
0.08130081300813008
0.8427672955974843
0.12627986348122866
0.33333333333333337
0.7706422018348624
0.12627986348122866
0.30612244897959184
0.6146788990825688
0.8524590163934427
0.6432432432432432
0.1063829787234043
0.12627986348122866
0.1288343558282209
0.1288343558282209
0.49350649350649356
0.8571428571428572
0.7017543859649122
0.12627986348122866
0.7017543859649122
0.30327868852459017
0.12627986348122866
0.9230769230769231
0.08130081300813008
0.9631901840490797
0.1288343558282209
0.6432432432432432
0.29824561403508776
0.7647058823529411
0.6146788990825688
0.8831168831168831
0.84375
0.19021739130434778
0.30327868852459017
0.08130081300813008
0.6146788990825688
0.5113636363636364
0.08130081300813008
0.71875
0.4779874213836478
0.4779874213836478
0.7727272727272727
0.4779874213836478
0.05882352941176472
0.1063829787234043
0.926605504587156
0.1288343558282209
0.8701298701298701
0.8524590163934427
0.9318181818181819
0.6324324324324324
0.8648648648648649
0.6324324324324324
0.8831168831168831
0.71875
0.75
0.12627986348122866
0.1288343558282209
0.8205128205128205
0.7017543859649122
0.6432432432432432
0.9293478260869565
0.29824561403508776
0.12627986348122866
0.19021739130434778
0.65625
0.6351351351351351
0.1063829787234043
0.19021739130434778
0.7105263157894737
0.7706422018348624
0.7981651376146789
0.4779874213836478
0.8864864864864865
0.5571428571428572
0.7857142857142857
0.3076923076923077
0.5113636363636364
0.1288343558282209
0.12627986348122866
0.6324324324324324
0.8648648648648649
0.19021739130434778
0.19021739130434778
0.12627986348122866
0.33333333333333337
0.8285714285714285
0.1063829787234043
0.8378378378378378
0.30327868852459017
0.6432432432432432
0.8427672955974843
0.47706422018348627
0.1288343558282209
0.8596491228070176
0.926605504587156
0.8427672955974843
0.8846153846153846
0.7017543859649122
0.4779874213836478
0.1063829787234043
0.1288343558282209
0.29824561403508776
0.12627986348122866
0.08130081300813008
0.7706422018348624
0.948051948051948
0.7142857142857143
0.6432432432432432
0.12627986348122866
0.7339449541284404
0.19021739130434778
0.8427672955974843
0.6146788990825688
0.08130081300813008
0.9385665529010239
0.4779874213836478
0.12627986348122866
0.12627986348122866
0.5113636363636364
0.84375
0.12627986348122866
0.05882352941176472
0.47706422018348627
0.6432432432432432
0.08130081300813008
0.9783783783783784
0.5571428571428572
0.8524590163934427
0.8864864864864865
0.19021739130434778
0.12627986348122866
0.38235294117647056
0.1288343558282209
0.12627986348122866
0.30327868852459017
0.12627986348122866
0.9056603773584906
0.1063829787234043
0.47706422018348627
0.12627986348122866
0.7727272727272727
0.6351351351351351
0.8769230769230769
0.6324324324324324
0.12627986348122866
0.5571428571428572
0.7706422018348624
0.5571428571428572
0.8378378378378378
0.08130081300813008
0.9293478260869565
0.38235294117647056
0.7727272727272727
0.8427672955974843
0.30327868852459017
0.12627986348122866
0.6324324324324324
0.49350649350649356
0.8051948051948052
0.12627986348122866
0.38235294117647056
0.1288343558282209
0.7339449541284404
0.9182389937106918
0.908256880733945
0.23076923076923073
0.30327868852459017
0.12627986348122866
0.1288343558282209
0.12627986348122866
0.8427672955974843
0.47706422018348627
0.7105263157894737
0.1288343558282209
0.47706422018348627
0.8715596330275229
0.734375
0.19021739130434778
0.12627986348122866
0.6324324324324324
0.6432432432432432
0.303030303030303
0.8553459119496856
0.8596491228070176
0.4779874213836478
0.49350649350649356
0.9631901840490797
0.4779874213836478
0.7981651376146789
0.1288343558282209
0.303030303030303
0.6351351351351351
0.8508771929824561
0.4779874213836478
0.6432432432432432
0.5113636363636364
0.9447852760736196
0.12627986348122866
0.9672131147540983
0.47706422018348627
0.08130081300813008
0.08130081300813008
0.19021739130434778
0.5113636363636364
0.1288343558282209
0.1288343558282209
0.6324324324324324
0.38235294117647056
0.3076923076923077
0.29824561403508776
0.30327868852459017
0.30327868852459017
0.303030303030303
0.6432432432432432
0.12627986348122866
0.30327868852459017
0.8636363636363636
0.4779874213836478
0.29824561403508776
0.5571428571428572
0.1875
0.8524590163934427
0.7647058823529411
0.8553459119496856
0.19021739130434778
0.12627986348122866
0.8594594594594595
0.6324324324324324
0.7105263157894737
0.19021739130434778
0.12627986348122866
0.19021739130434778
0.19021739130434778
0.47706422018348627
0.30327868852459017
0.05882352941176472
0.12627986348122866
0.9230769230769231
0.33333333333333337
0.49350649350649356
0.12627986348122866
0.6324324324324324
0.9182389937106918
0.19021739130434778
0.19021739130434778
0.5113636363636364
0.8205128205128205
0.303030303030303
0.908256880733945
0.5113636363636364
0.90625
0.30327868852459017
0.39534883720930236
0.7441860465116279
0.19021739130434778
0.30612244897959184
0.30612244897959184
0.4779874213836478
0.1288343558282209
0.12627986348122866
0.8125
0.19021739130434778
0.7017543859649122
0.303030303030303
0.30327868852459017
0.6351351351351351
0.9411764705882353
0.3076923076923077
0.08130081300813008
0.8594594594594595
0.12627986348122866
0.23076923076923073
0.12627986348122866
0.12627986348122866
0.38235294117647056
0.19021739130434778
0.8714285714285714
0.6324324324324324
0.8524590163934427
0.8771929824561404
0.6432432432432432
0.19021739130434778
0.33333333333333337
0.12627986348122866
0.47706422018348627
0.3076923076923077
0.12627986348122866
0.8421052631578947
0.6351351351351351
0.7105263157894737
0.30327868852459017
0.30612244897959184
0.9293478260869565
0.734375
0.8125
0.6146788990825688
0.19021739130434778
0.8427672955974843
0.30612244897959184
0.12627986348122866
0.49350649350649356
0.4779874213836478
0.6432432432432432
0.7727272727272727
0.19021739130434778
0.1875
0.1063829787234043
0.9743589743589743
0.7857142857142857
0.5571428571428572
0.6324324324324324
0.19021739130434778
0.1875
0.6324324324324324
0.19021739130434778
0.9230769230769231
0.1288343558282209
0.7017543859649122
0.5113636363636364
0.29824561403508776
0.734375
0.7105263157894737
0.8596491228070176
0.944954128440367
0.08130081300813008
0.38235294117647056
0.12627986348122866
0.12627986348122866
0.19021739130434778
0.9510869565217391
0.19021739130434778
0.8594594594594595
0.08130081300813008
0.5113636363636364
0.1288343558282209
0.47706422018348627
0.7981651376146789
0.9347826086956522
0.9344262295081968
0.8769230769230769
0.49350649350649356
0.9204545454545454
0.9692307692307692
0.7339449541284404
0.47706422018348627
0.08130081300813008
0.7441860465116279
0.7647058823529411
0.9056603773584906
0.8864864864864865
0.19021739130434778
0.7959183673469388
0.7727272727272727
0.7105263157894737
0.47706422018348627
0.1288343558282209
0.8524590163934427
0.12627986348122866
0.5113636363636364
0.7706422018348624
0.08130081300813008
0.47706422018348627
0.39534883720930236
0.6351351351351351
0.7017543859649122
0.8427672955974843
0.9705882352941176
0.19021739130434778
0.30327868852459017
0.7706422018348624
0.12627986348122866
0.8427672955974843
0.8508771929824561
0.1063829787234043
0.08130081300813008
0.12627986348122866
0.19021739130434778
0.9204545454545454
0.7142857142857143
0.12627986348122866
0.12627986348122866
0.29824561403508776
0.9182389937106918
0.08130081300813008
0.05882352941176472
0.08130081300813008
0.30612244897959184
0.12627986348122866
0.8594594594594595
0.1288343558282209
0.12627986348122866
0.05882352941176472
0.33333333333333337
0.8205128205128205
0.7647058823529411
0.303030303030303
0.975609756097561
0.5113636363636364
0.8701298701298701
0.19021739130434778
0.08130081300813008
0.12627986348122866
0.12627986348122866
0.6324324324324324
0.6351351351351351
0.6432432432432432
0.7981651376146789
0.9696969696969697
0.6324324324324324
0.8508771929824561
0.8427672955974843
0.8508771929824561
0.7105263157894737
0.08130081300813008
0.7339449541284404
0.7981651376146789
0.4779874213836478
0.19021739130434778
0.1288343558282209
0.4779874213836478
0.8596491228070176
0.9385665529010239
0.12627986348122866
0.30612244897959184
0.9385665529010239
0.29824561403508776
0.8508771929824561
0.7339449541284404
0.08130081300813008
0.7432432432432432
0.4779874213836478
0.30327868852459017
0.12627986348122866
0.9428571428571428
0.30327868852459017
0.8
0.1288343558282209
0.47706422018348627
0.12627986348122866
0.303030303030303
0.7706422018348624
0.30612244897959184
0.7857142857142857
0.65625
0.7959183673469388
0.19021739130434778
0.303030303030303
0.1288343558282209
0.19021739130434778
0.1288343558282209
0.33333333333333337
0.12627986348122866
0.7142857142857143
0.9523809523809523
0.9590443686006827
0.8596491228070176
0.12627986348122866
0.9230769230769231
0.8594594594594595
0.4779874213836478
0.08130081300813008
0.12627986348122866
0.12627986348122866
0.19021739130434778
0.08130081300813008
0.12627986348122866
0.12627986348122866
0.39534883720930236
0.1063829787234043
0.5571428571428572
0.08130081300813008
0.12627986348122866
0.12627986348122866
0.8864864864864865
0.30327868852459017
0.08130081300813008
0.19021739130434778
0.8636363636363636
0.7647058823529411
0.8596491228070176
0.30327868852459017
0.09090909090909094
0.29824561403508776
0.8421052631578947
0.6432432432432432
0.08130081300813008
0.9302325581395349
0.7017543859649122
0.7441860465116279
0.8864864864864865
0.4779874213836478
0.9344262295081968
0.47706422018348627
0.8864864864864865
0.33333333333333337
0.1288343558282209
0.33333333333333337
0.12627986348122866
0.12627986348122866
0.1063829787234043
0.23076923076923073
0.9375
0.9293478260869565
0.19021739130434778
0.38235294117647056
0.30327868852459017
0.7339449541284404
0.8553459119496856
0.9510869565217391
0.1288343558282209
0.12627986348122866
0.9541284403669725
0.30327868852459017
0.30327868852459017
0.8636363636363636
0.890625
0.7339449541284404
0.33333333333333337
0.12627986348122866
0.12627986348122866
0.12627986348122866
0.6146788990825688
0.6432432432432432
0.30612244897959184
0.7339449541284404
0.39534883720930236
0.9285714285714286
0.8205128205128205
0.8594594594594595
0.7339449541284404
0.8051948051948052
0.1875
0.33333333333333337
0.8378378378378378
0.12627986348122866
0.5571428571428572
0.08130081300813008
0.30327868852459017
0.47706422018348627
0.8427672955974843
0.9293478260869565
0.29824561403508776
0.8769230769230769
0.05882352941176472
0.47706422018348627
0.30327868852459017
0.19021739130434778
0.7339449541284404
0.12627986348122866
0.6432432432432432
0.303030303030303
0.05882352941176472
0.30327868852459017
0.5571428571428572
0.23076923076923073
0.33333333333333337
0.7647058823529411
0.65625
0.29824561403508776
0.1288343558282209
0.33333333333333337
0.19021739130434778
0.12627986348122866
0.734375
0.1288343558282209
0.944954128440367
0.7432432432432432
0.303030303030303
0.6666666666666667
0.19021739130434778
0.12627986348122866
0.9189189189189189
0.9426229508196722
0.4779874213836478
0.9285714285714286
0.19021739130434778
0.71875
0.5113636363636364
0.1288343558282209
0.8
0.09090909090909094
0.49350649350649356
0.6432432432432432
0.29824561403508776
0.19021739130434778
0.8524590163934427
0.38235294117647056
0.1288343558282209
0.19021739130434778
0.6432432432432432
0.19021739130434778
0.08130081300813008
0.12627986348122866
0.7105263157894737
0.30327868852459017
0.08130081300813008
0.12627986348122866
0.49350649350649356
0.08130081300813008
0.6146788990825688
0.9189189189189189
0.8594594594594595
0.1288343558282209
0.75
0.12627986348122866
0.47706422018348627
0.7339449541284404
0.6432432432432432
0.7432432432432432
0.1288343558282209
0.7727272727272727
0.8715596330275229
0.12627986348122866
0.1288343558282209
0.19021739130434778
0.12627986348122866
0.39534883720930236
0.8769230769230769
0.29824561403508776
0.7647058823529411
0.8571428571428572
0.7857142857142857
0.08130081300813008
0.7441860465116279
0.47706422018348627
0.12627986348122866
0.875
0.9318181818181819
0.8421052631578947
0.8427672955974843
0.7706422018348624
0.8636363636363636
0.47706422018348627
0.19021739130434778
0.9204545454545454
0.908256880733945
0.30327868852459017
0.1288343558282209
0.12627986348122866
0.8771929824561404
0.9347826086956522
0.30327868852459017
0.30327868852459017
0.1288343558282209
0.23076923076923073
0.6432432432432432
0.19021739130434778
0.948051948051948
0.1063829787234043
0.12627986348122866
0.1288343558282209
0.4779874213836478
0.6146788990825688
0.6324324324324324
0.4779874213836478
0.49350649350649356
0.5571428571428572
0.303030303030303
0.8717948717948718
0.1288343558282209
0.9590443686006827
0.12627986348122866
0.1875
0.12627986348122866
0.6432432432432432
0.5571428571428572
0.19021739130434778
0.6432432432432432
0.12627986348122866
0.1288343558282209
0.30327868852459017
0.12627986348122866
0.33333333333333337
0.1288343558282209
0.6324324324324324
0.30612244897959184
0.30612244897959184
0.08130081300813008
0.9631901840490797
0.71875
0.1063829787234043
0.8864864864864865
0.908256880733945
0.8125
0.19021739130434778
0.8596491228070176
0.1063829787234043
0.9385665529010239
0.1063829787234043
0.7706422018348624
0.734375
0.8596491228070176
0.23076923076923073
0.8701298701298701
0.3076923076923077
0.8571428571428572
0.8205128205128205
0.9426229508196722
0.8864864864864865
0.7017543859649122
0.7105263157894737
0.3076923076923077
0.8051948051948052
0.9204545454545454
0.8051948051948052
0.08130081300813008
0.9183673469387755
0.5113636363636364
0.9385665529010239
0.08130081300813008
0.4779874213836478
0.734375
0.47706422018348627
0.1288343558282209
0.8524590163934427
0.4779874213836478
0.12627986348122866
0.967479674796748
0.29824561403508776
0.49350649350649356
0.8427672955974843
0.3076923076923077
0.8636363636363636
0.1063829787234043
0.47706422018348627
0.30327868852459017
0.12627986348122866
0.12627986348122866
0.734375
0.30327868852459017
0.7981651376146789
0.4779874213836478
0.7647058823529411
0.1063829787234043
0.8714285714285714
0.8636363636363636
0.9375
0.6432432432432432
0.8701298701298701
0.12627986348122866
0.08130081300813008
0.12627986348122866
0.1875
0.4779874213836478
0.9293478260869565
0.12627986348122866
0.30327868852459017
0.8864864864864865
0.1288343558282209
0.29824561403508776
0.8125
0.8771929824561404
0.6324324324324324
0.47706422018348627
0.8648648648648649
0.8378378378378378
0.9385665529010239
0.6146788990825688
0.9447852760736196
0.6146788990825688
0.7017543859649122
0.6146788990825688
0.7339449541284404
0.33333333333333337
0.7706422018348624
0.29824561403508776
0.9815950920245399
0.08130081300813008
0.6351351351351351
0.29824561403508776
0.6324324324324324
0.3076923076923077
0.12627986348122866
0.8715596330275229
0.1288343558282209
0.30327868852459017
0.12627986348122866
0.19021739130434778
0.9510869565217391
0.08130081300813008
0.38235294117647056
0.30327868852459017
0.75
0.8596491228070176
0.8594594594594595
0.3076923076923077
0.39534883720930236
0.6351351351351351
0.9182389937106918
0.908256880733945
0.9447852760736196
0.1063829787234043
0.7017543859649122
0.08130081300813008
0.7857142857142857
0.19021739130434778
0.8715596330275229
0.9447852760736196
0.38235294117647056
0.9510869565217391
0.9510869565217391
0.29824561403508776
0.6146788990825688
0.6146788990825688
0.3076923076923077
0.19021739130434778
0.6146788990825688
0.09090909090909094
0.39534883720930236
0.8553459119496856
0.8378378378378378
0.30612244897959184
0.12627986348122866
0.8864864864864865
0.19021739130434778
0.8285714285714285
0.7981651376146789
0.8771929824561404
0.47706422018348627
0.9541284403669725
0.6432432432432432
0.08130081300813008
0.8864864864864865
0.12627986348122866
0.30327868852459017
0.08130081300813008
0.08130081300813008
0.12627986348122866
0.12627986348122866
0.19021739130434778
0.49350649350649356
0.33333333333333337
0.08130081300813008
0.9056603773584906
0.33333333333333337
0.08130081300813008
0.7441860465116279
0.47706422018348627
0.9375
0.6146788990825688
0.8864864864864865
0.9302325581395349
0.75
0.30612244897959184
0.08130081300813008
0.7017543859649122
0.1288343558282209
0.08130081300813008
0.1288343558282209
0.29824561403508776
0.08130081300813008
0.9285714285714286
0.967479674796748
0.38235294117647056
0.7959183673469388
0.49350649350649356
0.9056603773584906
0.1288343558282209
0.33333333333333337
0.1288343558282209
0.12627986348122866
0.948051948051948
0.30612244897959184
0.23076923076923073
0.33333333333333337
0.12627986348122866
0.30327868852459017
0.8596491228070176
0.12627986348122866
0.6324324324324324
0.33333333333333337
0.875
0.49350649350649356
0.12627986348122866
0.8648648648648649
0.49350649350649356
0.08130081300813008
0.09090909090909094
0.9182389937106918
0.6351351351351351
0.3076923076923077
0.1288343558282209
0.1288343558282209
0.7105263157894737
0.7706422018348624
0.12627986348122866
0.9631901840490797
0.8714285714285714
0.08130081300813008
0.6324324324324324
0.12627986348122866
0.12627986348122866
0.7432432432432432
0.4779874213836478
0.1875
0.19021739130434778
0.19021739130434778
0.1288343558282209
0.08130081300813008
0.303030303030303
0.9783783783783784
0.12627986348122866
0.3076923076923077
0.975609756097561
0.12627986348122866
0.8714285714285714
0.71875
0.8285714285714285
0.6351351351351351
0.6324324324324324
0.12627986348122866
0.08130081300813008
0.908256880733945
0.9056603773584906
0.71875
0.7857142857142857
0.08130081300813008
0.38235294117647056
0.9230769230769231
0.8864864864864865
0.12627986348122866
0.19021739130434778
0.6432432432432432
0.3076923076923077
0.1288343558282209
0.9815950920245399
0.8421052631578947
0.75
0.19021739130434778
0.1063829787234043
0.08130081300813008
0.12627986348122866
0.7339449541284404
0.6324324324324324
0.8947368421052632
0.1288343558282209
0.4779874213836478
0.30327868852459017
0.5113636363636364
0.1288343558282209
0.1288343558282209
0.12627986348122866
0.09090909090909094
0.7432432432432432
0.9318181818181819
0.71875
0.49350649350649356
0.12627986348122866
0.1288343558282209
0.4779874213836478
0.49350649350649356
0.7339449541284404
0.7105263157894737
0.38235294117647056
0.9347826086956522
0.30612244897959184
0.6324324324324324
0.12627986348122866
0.1288343558282209
0.7706422018348624
0.6351351351351351
0.1288343558282209
0.71875
0.33333333333333337
0.08130081300813008
0.1288343558282209
0.19021739130434778
0.38235294117647056
0.7017543859649122
0.4779874213836478
0.4779874213836478
0.4779874213836478
0.890625
0.30327868852459017
0.1288343558282209
0.30327868852459017
0.7727272727272727
0.6146788990825688
0.19021739130434778
0.6351351351351351
0.30612244897959184
0.33333333333333337
0.19021739130434778
0.7727272727272727
0.12627986348122866
0.4779874213836478
0.6432432432432432
0.8051948051948052
0.12627986348122866
0.7647058823529411
0.4779874213836478
0.7727272727272727
0.3076923076923077
0.8648648648648649
0.33333333333333337
0.12627986348122866
0.08130081300813008
0.7706422018348624
0.8594594594594595
0.1063829787234043
0.19021739130434778
0.734375
0.7981651376146789
0.12627986348122866
0.12627986348122866
0.7017543859649122
0.3076923076923077
0.12627986348122866
0.6432432432432432
0.3076923076923077
0.75
0.8427672955974843
0.19021739130434778
0.3076923076923077
0.9293478260869565
0.8846153846153846
0.19021739130434778
0.12627986348122866
0.7432432432432432
0.9510869565217391
0.1288343558282209
0.7441860465116279
0.90625
0.8
0.08130081300813008
0.6324324324324324
0.7981651376146789
0.38235294117647056
0.12627986348122866
0.08130081300813008
0.1288343558282209
0.944954128440367
0.6666666666666667
0.29824561403508776
0.6324324324324324
0.9541284403669725
0.12627986348122866
0.5113636363636364
0.944954128440367
0.5113636363636364
0.3076923076923077
0.7981651376146789
0.303030303030303
0.4779874213836478
0.7432432432432432
0.5113636363636364
0.7339449541284404
0.6432432432432432
0.6324324324324324
0.6432432432432432
0.12627986348122866
0.9344262295081968
0.7959183673469388
0.19021739130434778
0.12627986348122866
0.05882352941176472
0.7647058823529411
0.39534883720930236
0.09090909090909094
0.19021739130434778
0.39534883720930236
0.7017543859649122
0.7017543859649122
0.7647058823529411
0.4779874213836478
0.7981651376146789
0.6324324324324324
0.33333333333333337
0.47706422018348627
0.6324324324324324
0.1288343558282209
0.4779874213836478
0.1288343558282209
0.12627986348122866
0.3076923076923077
0.6324324324324324
0.09090909090909094
0.19021739130434778
0.4779874213836478
0.19021739130434778
0.4779874213836478
0.8771929824561404
0.1288343558282209
0.9347826086956522
0.08130081300813008
0.6146788990825688
0.08130081300813008
0.9426229508196722
0.9393939393939394
0.8508771929824561
0.8553459119496856
0.8508771929824561
0.30612244897959184
0.08130081300813008
0.12627986348122866
0.1288343558282209
0.8715596330275229
0.30612244897959184
0.19021739130434778
0.19021739130434778
0.8
0.8421052631578947
0.12627986348122866
0.7432432432432432
