0.0
0.0
0.0
0.0
0.0
0.0
0.0
0.0
0.0
0.0
0.0
0.0
0.0
0.0
0.0
0.0
0.0
0.0
0.0
0.0
0.0
0.0
0.0
0.0
0.0
0.0
0.0
0.0
0.0
0.0
0.0
0.0
0.0
0.0
0.0
0.0
0.0
0.0
0.0
0.0
0.0
0.0
0.0
0.0
0.0
0.0
0.0
0.0
0.0
0.0
0.0
0.0
0.0
0.0
0.0
0.0
0.0
0.0
0.0
0.0
0.0
0.0
0.0
0.0
0.0
0.0
0.0
0.0
0.0
0.0
0.0
0.0
0.0
0.0
0.0
0.0
0.0
0.0
0.0
0.0
0.0
0.0
0.0
0.0
0.0
0.0
0.0
0.0
0.0
0.0
0.0
0.0
0.0
0.0
0.0
0.0
0.0
0.0
0.0
0.0
0.0
0.0
0.0
0.0
0.0
0.0
0.0
0.0
0.0
0.0
0.0
0.0
0.0
0.0
0.0
0.0
0.0
0.0
0.0
0.0
0.0
0.0
0.0
0.0
0.0
0.0
0.0
0.0
0.0
0.0
0.0
0.0
0.0
0.0
0.0
0.0
0.0
0.0
0.0
0.0
0.0
0.0
0.0
0.0
0.0
0.0
0.0
0.0
0.0
0.0
0.0
0.0
0.0
0.0
0.0
0.0
0.0
0.0
0.0
0.0
0.0
0.0
0.0
0.0
0.0
0.0
0.0
0.0
0.0
0.0
0.0
0.0
0.0
0.0
0.0
0.0
0.0
0.0
0.0
0.0
0.0
0.0
0.0
0.0
0.0
0.0
0.0
0.0
0.0
0.0
0.0
0.0
0.0
0.0
0.0
0.0
0.0
0.0
0.0
0.0
0.0
0.0
0.0
0.0
0.0
0.0
0.0
0.0
0.0
0.0
0.0
0.0
0.0
0.0
0.0
0.0
0.0
0.0
0.0
0.0
0.0
0.0
0.0
0.0
0.0
0.0
0.0
0.0
0.0
0.0
0.0
0.0
0.0
0.0
0.0
0.0
0.0
0.0
0.0
0.0
0.0
0.0
0.0
0.0
0.0
0.0
0.0
0.0
0.0
0.0
0.0
0.0
0.0
0.0
0.0
0.0
0.0
0.0
0.0
0.0
0.0
0.0
0.0
0.0
0.0
0.0
0.0
0.0
0.0
0.0
0.0
0.0
0.0
0.0
0.0
0.0
0.0
0.0
0.0
0.0
0.0
0.0
0.0
0.0
0.0
0.0
0.0
0.0
0.0
0.0
0.0
0.0
0.0
0.0
0.0
0.0
0.0
0.0
0.0
0.0
0.0
0.0
0.0
0.0
0.0
0.0
0.0
0.0
0.0
0.0
0.0
0.0
0.0
0.0
0.0
0.0
0.0
0.0
0.0
0.0
0.0
0.0
0.0
0.0
0.0
0.0
0.0
0.0
0.0
0.0
0.0
0.0
0.0
0.0
0.0
0.0
0.0
0.0
0.0
0.0
0.0
0.0
0.0
0.0
0.0
0.0
0.0
0.0
0.0
0.0
0.0
0.0
0.0
0.0
0.0
0.0
0.0
0.0
0.0
0.0
0.0
0.0
0.0
0.0
0.0
0.0
0.0
0.0
0.0
0.0
0.0
0.0
0.0
0.0
0.0
0.0
0.0
0.0
0.0
0.0
0.0
0.0
0.0
0.0
0.0
0.0
0.0
0.0
0.0
0.0
0.0
0.0
0.0
0.0
0.0
0.0
0.0
0.0
0.0
0.0
0.0
0.0
0.0
0.0
0.0
0.0
0.0
0.0
0.0
0.0
0.0
0.0
0.0
0.0
0.0
0.0
0.0
0.0
0.0
0.0
0.0
0.0
0.0
0.0
0.0
0.0
0.0
0.0
0.0
0.0
0.0
0.0
0.0
0.0
0.0
0.0
0.0
0.0
0.0
0.0
0.0
0.0
0.0
0.0
0.0
0.0
0.0
0.0
0.0
0.0
0.0
0.0
0.0
0.0
0.0
0.0
0.0
0.0
0.0
0.0
0.0
0.0
0.0
0.0
0.0
0.0
0.0
0.0
0.0
0.0
0.0
0.0
0.0
0.0
0.0
0.0
0.0
0.0
0.0
0.0
0.0
0.0
0.0
0.0
0.0
0.0
0.0
0.0
0.0
0.0
0.0
0.0
0.0
0.0
0.0
0.0
0.0
0.0
0.0
0.0
0.0
0.0
0.0
0.0
0.0
0.0
0.0
0.0
0.0
0.0
0.0
0.0
0.0
0.0
0.0
0.0
0.0
0.0
0.0
0.0
0.0
0.0
0.0
0.0
0.0
0.0
0.0
0.0
0.0
0.0
0.0
0.0
0.0
0.0
0.0
0.0
0.0
0.0
0.0
0.0
0.0
0.0
0.0
0.0
0.0
0.0
0.0
0.0
0.0
0.0
0.0
0.0
0.0
0.0
0.0
0.0
0.0
0.0
0.0
0.0
0.0
0.0
0.0
0.0
0.0
0.0
0.0
0.0
0.0
0.0
0.0
0.0
0.0
0.0
0.0
0.0
0.0
0.0
0.0
0.0
0.0
0.0
0.0
0.0
0.0
0.0
0.0
0.0
0.0
0.0
0.0
0.0
0.0
0.0
0.0
0.0
0.0
0.0
0.0
0.0
0.0
0.0
0.0
0.0
0.0
0.0
0.0
0.0
0.0
0.0
0.0
0.0
0.0
0.0
0.0
0.0
0.0
0.0
0.0
0.0
0.0
0.0
0.0
0.0
0.0
0.0
0.0
0.0
0.0
0.0
0.0
0.0
0.0
0.0
0.0
0.0
0.0
0.0
0.0
0.0
0.0
0.0
0.0
0.0
0.0
0.0
0.0
0.0
0.0
0.0
0.0
0.0
0.0
0.0
0.0
0.0
0.0
0.0
0.0
0.0
0.0
0.0
0.0
0.0
0.0
0.0
0.0
0.0
0.0
0.0
0.0
0.0
0.0
0.0
0.0
0.0
0.0
0.0
0.0
0.0
0.0
0.0
0.0
0.0
0.0
0.0
0.0
0.0
0.0
0.0
0.0
0.0
0.0
0.0
0.0
0.0
0.0
0.0
0.0
0.0
0.0
0.0
0.0
0.0
0.0
0.0
0.0
0.0
0.0
0.0
0.0
0.0
0.0
0.0
0.0
0.0
0.0
0.0
0.0
0.0
0.0
0.0
0.0
0.0
0.0
0.0
0.0
0.0
0.0
0.0
0.0
0.0
0.0
0.0
0.0
0.0
0.0
0.0
0.0
0.0
0.0
0.0
0.0
0.0
0.0
0.0
0.0
0.0
0.0
0.0
0.0
0.0
0.0
0.0
0.0
0.0
0.0
0.0
0.0
0.0
0.0
0.0
0.0
0.0
0.0
0.0
0.0
0.0
0.0
0.0
0.0
0.0
0.0
0.0
0.0
0.0
0.0
0.0
0.0
0.0
0.0
0.0
0.0
0.0
0.0
0.0
0.0
0.0
0.0
0.0
0.0
0.0
0.0
0.0
0.0
0.0
0.0
0.0
0.0
0.0
0.0
0.0
0.0
0.0
0.0
0.0
0.0
0.0
0.0
0.0
0.0
0.0
0.0
0.0
0.0
0.0
0.0
0.0
0.0
0.0
0.0
0.0
0.0
0.0
0.0
0.0
0.0
0.0
0.0
0.0
0.0
0.0
0.0
0.0
0.0
0.0
0.0
0.0
0.0
0.0
0.0
0.0
0.0
0.0
0.0
0.0
0.0
0.0
0.0
0.0
0.0
0.0
0.0
0.0
0.0
0.0
0.0
0.0
0.0
0.0
0.0
0.0
0.0
0.0
0.0
0.0
0.0
0.0
0.0
0.0
0.0
0.0
0.0
0.0
0.0
0.0
0.0
0.0
0.0
0.0
0.0
0.0
0.0
0.0
0.0
0.0
0.0
0.0
0.0
0.0
0.0
0.0
0.0
0.0
0.0
0.0
0.0
0.0
0.0
0.0
0.0
0.0
0.0
0.0
0.0
0.0
0.0
0.0
0.0
0.0
0.0
0.0
0.0
0.0
0.0
0.0
0.0
0.0
0.0
0.0
0.0
0.0
0.0
0.0
0.0
0.0
0.0
0.0
0.0
0.0
0.0
0.0
0.0
0.0
0.0
0.0
0.0
0.0
0.0
0.0
0.0
0.0
0.0
0.0
0.0
0.0
0.0
0.0
0.0
0.0
0.0
0.0
0.0
0.0
0.0
0.0
0.0
0.0
0.0
0.0
0.0
0.0
0.0
0.0
0.0
0.0
0.0
0.0
0.0
0.0
0.0
0.0
0.0
0.0
0.0
0.0
0.0
0.0
0.0
0.0
0.0
0.0
0.0
0.0
0.0
0.0
0.0
0.0
0.0
0.0
0.0
0.0
0.0
0.0
0.0
0.0
0.0
0.0
0.0
0.0
0.0
0.0
0.0
0.0
0.0
0.0
0.0
0.0
0.0
0.0
0.0
0.0
5.551115123125783e-17
5.551115123125783e-17
5.551115123125783e-17
5.551115123125783e-17
5.551115123125783e-17
5.551115123125783e-17
5.551115123125783e-17
5.551115123125783e-17
5.551115123125783e-17
5.551115123125783e-17
5.551115123125783e-17
5.551115123125783e-17
5.551115123125783e-17
5.551115123125783e-17
5.551115123125783e-17
5.551115123125783e-17
1.1102230246251565e-16
1.1102230246251565e-16
1.1102230246251565e-16
1.1102230246251565e-16
1.6653345369377348e-16
1.6653345369377348e-16
2.220446049250313e-16
3.3306690738754696e-16
3.885780586188048e-16
4.440892098500626e-16
4.440892098500626e-16
4.440892098500626e-16
4.996003610813204e-16
4.996003610813204e-16
4.996003610813204e-16
6.106226635438361e-16
6.661338147750939e-16
7.216449660063518e-16
8.326672684688674e-16
8.881784197001252e-16
1.1102230246251565e-15
1.1657341758564144e-15
1.6653345369377348e-15
1.7763568394002505e-15
2.220446049250313e-15
2.609024107869118e-15
2.886579864025407e-15
3.4416913763379853e-15
3.497202527569243e-15
4.829470157119431e-15
5.440092820663267e-15
5.495603971894525e-15
6.38378239159465e-15
6.38378239159465e-15
7.382983113757291e-15
7.882583474838611e-15
8.104628079763643e-15
8.715250743307479e-15
9.103828801926284e-15
1.27675647831893e-14
1.2823075934420558e-14
1.5654144647214707e-14
1.8207657603852567e-14
2.1649348980190553e-14
2.3148150063434514e-14
3.658184866139891e-14
4.374278717023117e-14
4.490852134608758e-14
4.9182879990894435e-14
5.10702591327572e-14
5.2513549064769904e-14
5.46229728115577e-14
9.992007221626409e-14
1.0647038806155251e-13
1.1379786002407855e-13
1.1651790643441018e-13
1.2068124277675452e-13
1.5554224574998443e-13
1.566524687746096e-13
1.8812729152273278e-13
2.4763524564264117e-13
2.5790480862042386e-13
2.9559688030644793e-13
3.331779296900095e-13
3.3412161926094086e-13
3.662070646726079e-13
3.7991831902672857e-13
4.80782080813924e-13
5.697664562376303e-13
5.743183706385935e-13
5.977995876094155e-13
6.597500323834993e-13
7.78099806808541e-13
9.007794510296208e-13
1.100841640067074e-12
1.1299849944634843e-12
1.1333156635373598e-12
1.2054246489867637e-12
1.3802847753652259e-12
1.705191543521778e-12
1.794786541609028e-12
1.8148260672035121e-12
1.841693464399441e-12
1.9107493365311257e-12
2.275346577818027e-12
2.4055202274553267e-12
3.6127212332814906e-12
4.323930102856366e-12
4.633959882482941e-12
4.892142246859521e-12
5.77737857554439e-12
6.281863917934061e-12
6.377787187261674e-12
7.183975636593232e-12
7.248202038567797e-12
8.824996289291676e-12
8.987810495852955e-12
9.295397784825354e-12
1.0999645638776201e-11
1.1399048371885101e-11
1.3060386105934185e-11
1.5157541888299875e-11
1.6982582007329938e-11
1.965583251717362e-11
2.161221202001684e-11
2.1739388067487653e-11
2.2183366255035253e-11
2.2222002016292208e-11
2.239680663151944e-11
2.4914958984822988e-11
2.500777362968165e-11
3.137423654209215e-11
3.353334276923192e-11
3.971589723761326e-11
3.995853647964509e-11
4.1667114203391975e-11
4.811806508797645e-11
5.0135728901778975e-11
5.0823234509778104e-11
5.217615228758632e-11
6.176192890450238e-11
6.690953346932815e-11
6.818795528218402e-11
7.224421061380326e-11
9.076395190987796e-11
9.193956707065354e-11
1.3270423648847895e-10
1.3383688601820154e-10
1.403467897453936e-10
1.7918067030109341e-10
1.8383222721851666e-10
1.984279962563562e-10
2.223832784586932e-10
2.244944785623204e-10
2.2954599332436487e-10
2.3222734846228832e-10
2.6690921695049497e-10
2.710338620204311e-10
3.2109864767093654e-10
3.6277009174412456e-10
3.679052062999233e-10
3.952869143120097e-10
4.257115215899887e-10
4.3336345623146144e-10
4.364238415099919e-10
4.3647063741047987e-10
4.554081001195698e-10
4.668243569483366e-10
4.707266798575915e-10
4.957083632461945e-10
4.980660328612885e-10
5.197047237004426e-10
5.732405106151361e-10
6.143939246250341e-10
6.260382767742101e-10
6.424549781058886e-10
7.735508344985931e-10
7.96776367106844e-10
8.125052852747672e-10
9.466682437953011e-10
9.645229614996254e-10
9.904301268015558e-10
1.0014946649761214e-09
1.1976910574418298e-09
1.458729192993502e-09
1.6679342906833483e-09
1.7044089473117197e-09
2.384691555334939e-09
2.453732883545001e-09
2.675995813827825e-09
3.1498312291766695e-09
3.5822819155484353e-09
4.012356669136352e-09
4.655799690223006e-09
4.682053800220132e-09
5.001568881279894e-09
5.008105319337375e-09
5.3052043313961406e-09
5.422286841749724e-09
5.544960601788773e-09
5.5973566337463865e-09
6.546190089995463e-09
6.569770061304325e-09
9.249448207349076e-09
9.344623630447302e-09
1.2060929199808612e-08
1.4872953368882946e-08
1.5879974557542198e-08
1.6532773705613124e-08
1.9801624118187533e-08
2.1694849694497975e-08
2.6430487354289767e-08
3.1692684199224885e-08
3.302556567108539e-08
3.3760839179830526e-08
3.698424594356098e-08
3.886244415163276e-08
4.087196053825792e-08
4.546451792819539e-08
4.675723452862712e-08
4.760702854156307e-08
5.192462976255641e-08
5.447125561719446e-08
5.827161203564302e-08
5.8546628101119325e-08
5.908620903660733e-08
6.996183238294762e-08
8.214986318977324e-08
8.618218627631791e-08
8.718976307608983e-08
8.901437492658815e-08
9.579600401821153e-08
9.586322929910907e-08
1.301031096190286e-07
1.4006833631841076e-07
1.4121909391873189e-07
1.4979068013731833e-07
1.5741021147652745e-07
1.6167404426337129e-07
1.7758118470156958e-07
2.0520514820709934e-07
2.1504453678877766e-07
2.2666790416847604e-07
2.3212134070416113e-07
2.4784353064299935e-07
2.5604722897476506e-07
2.592167556714209e-07
3.0057226535484816e-07
4.007739368705465e-07
4.096293667599227e-07
4.3288325907164804e-07
4.720604801500272e-07
5.001992462450033e-07
5.136899292601527e-07
6.504007927787825e-07
6.816054951008788e-07
8.106270121821524e-07
9.254229297872563e-07
9.702951231926882e-07
1.0159884770710725e-06
1.4910246715071906e-06
1.8007938102360121e-06
1.8012017039548134e-06
2.269550313016566e-06
2.302473435022989e-06
2.675226855874957e-06
2.677217152136091e-06
3.0489316702464464e-06
4.265067943598488e-06
4.273424459466657e-06
4.416730747303088e-06
4.5935503434901825e-06
4.630869392452386e-06
6.176958586623371e-06
6.301188590629447e-06
6.331263512682206e-06
6.458183609558965e-06
6.574653385271745e-06
7.2588240787596625e-06
7.3171373052849376e-06
7.535754237397718e-06
8.390921806655793e-06
8.576259119374985e-06
8.735815447580286e-06
9.799699059565015e-06
9.887033040778537e-06
1.1586230142524023e-05
1.2131198324105696e-05
1.284439415050187e-05
1.3008307505280037e-05
1.3889805257460974e-05
1.6101491075060093e-05
1.8275923878985356e-05
1.920815626132999e-05
1.9506515797629298e-05
2.1022738619147496e-05
2.1435313510564935e-05
2.337543308605916e-05
2.633729305068222e-05
3.199333708547858e-05
4.244524163982133e-05
4.6339643490267424e-05
5.7701856159997345e-05
7.182824551393852e-05
7.375356617023154e-05
8.15708016623784e-05
8.198717768276298e-05
8.459627110168899e-05
9.15708750280908e-05
9.444461852525787e-05
9.844749268883568e-05
0.00010644266367509925
0.00012042122097233321
0.00014735881235261594
0.00016173792578616508
0.00016464998336190861
0.00017442419994007086
0.00018128250468479878
0.0002579804998887325
0.00025957573203838624
0.00026204841783961097
0.00030321039479169754
0.00033190264854165985
0.0003551913843340415
0.00036707785399286985
0.0003747746011097397
0.0004553238855431463
0.00048602834813871176
0.0005110966186901988
0.0005406937847244331
0.0005435940802420158
0.0006030577246327606
0.0006607272642605855
0.0007202581490650117
0.0007205992287559471
0.0008114672012807245
0.0008147817397949342
0.0008288546440225475
0.000862318815060048
0.0009838187255882258
0.0011219454394457151
0.0014327525374381311
0.0015280448055971507
0.0015336072152765667
0.0016594080009448287
0.001961939170023075
0.001963762750325837
0.0021175564131540314
0.0021786099214469723
0.0021943902894665523
0.002232690279814542
0.002853259835171984
0.0028606767709101755
0.003067107236080391
0.0032757915576038243
0.0037237585142087526
0.005226256458379708
0.005285435116750559
0.0053630894593276746
0.005951035653431469
0.006322100883896176
0.00711569022383296
0.007243696790561638
0.008330982617499316
0.00982971481436895
0.009966535039709401
0.011670399196039738
0.012091248975424906
0.012401506636381288
0.014540529708968242
0.016373893325251132
0.018143801866367937
0.020934376736431337
0.022190924327456174
0.02241196629212172
0.023539002437447942
0.023992359576175792
0.03198685404658391
0.0320669415610898
0.032988249835034456
0.034367331080704444
0.040338023544164825
0.04593294428094813
0.051241299873613366
0.052374219738931305
0.06096553943088062
0.06183149408085148
0.06413378810099152
0.07019461696496049
0.07384905151659338
0.0854471023009058
0.09224256860683117
0.1053923595028814
0.10773928429878288
0.1117614464714346
0.11286530474542011
0.1311802319355283
0.13279306366694665
0.1364089721527858
0.14659252939065237
0.15817526419141592
0.1853527490937047
0.1954475981911808
0.22319684857202926
0.22826423235319054
0.23264522676465926
0.24561934867005153
0.25221870313825284
0.25814448644773547
0.2684486093307917
0.34704112316231506
0.3516538162605548
0.35998520593383376
0.3663597509062613
0.3743977576042987
0.38126190554029926
0.3834106841742404
0.40992699476480754
0.447066773702283
0.48383851285723856
0.5022336273121866
0.5160167715171354
0.5328115001744455
0.5590377268409084
0.5851826236622444
0.6171446564953056
0.6269798692333224
0.6507354985980605
0.6673120006362105
0.7154424154259935
0.7345242118799318
0.7437719531567217
0.7789253997606869
0.7906185378571822
0.8035081675893437
0.8143089733140824
0.8168079189174963
0.8350590341764832
0.8415257348270697
0.8579424956618416
0.8625465083744946
0.8642407814572051
0.8757548549873607
0.8768649473050015
0.8798971759753831
0.8807109535311143
0.8876637897628367
0.8932756739307551
0.8969336712834297
0.8980901332089519
0.9038305753700355
0.9092087557138957
0.91009247945033
0.9142730519392077
0.9174350599619072
0.9244616950940066
0.9264490191622703
0.9266734574816715
0.9329134954178808
0.9353974577967511
0.9376845236010035
0.9387985926336044
0.9394583192365813
0.9460525968720753
0.9462270811214993
0.946457554988348
0.9474586743528348
0.9504656909252749
0.9518431663105148
0.9525437028940836
0.9599253530490129
0.9603709756766659
0.9627223595139623
0.9665444954070477
0.9686238715426254
0.9689630924473602
0.97062368946336
0.9711625792864333
0.9738285147126633
0.9755955258166022
0.9771181418974342
0.977441563658707
0.9778540848101295
0.9782271245785519
0.981258364906745
0.9835980147924642
0.9843515288555882
0.9861384674164418
0.9875119359603255
0.9880031008486954
0.9886400848884261
0.9890727597139527
0.9894486848190217
0.990778175709766
0.9911306797044226
0.9914560148427983
0.9916997203611705
0.9918125074062254
0.9923317636392117
0.9927710423145312
0.9937290702485071
0.9943539685317047
0.9944583649997341
0.9945735632913089
0.9947388069555287
0.9948718597468262
0.9949562624852567
0.9952380719772764
0.9953230539335922
0.99536912169554
0.9954546672636505
0.9957682667933642
0.9958699011553567
0.9962123347280215
0.9962967213891698
0.9964073171003678
0.9967572669321746
0.996798574873902
0.9969814999298345
0.9971096513428133
0.9971587023936563
0.9976101928488063
0.997656914992771
0.9977093814451476
0.997720330876926
0.9977483784949917
0.9979261112972219
0.9979629729672235
0.9980260625647333
0.9982046705609833
0.9983381834673875
0.9983426689004087
0.9985729925238935
0.9985918898149287
0.9985919348753686
0.9986499674059421
0.9986866068986234
0.9987090578888962
0.9987298234195356
0.9989369228560074
0.9989569301854919
0.9990064057420456
0.9990111938372632
0.9990277959555081
0.9990495379496791
0.9991505137666818
0.9992566272210313
0.9993216756741706
0.9994283223446958
0.9994380844249161
0.9994522235595587
0.9994577516888477
0.9994670715285532
0.9995304920666697
0.9996490877343486
0.9996857523674372
0.9997009998789566
0.9997043030492777
0.9997545142406965
0.9997584473134005
0.9997595735210655
0.9997608148164343
0.9997644113529129
0.9997746548747759
0.9997922160680328
0.999808800715288
0.9998133793698716
0.9998161742889946
0.9998280197043152
0.9998285510862922
0.9998468085564158
0.9998505112506778
0.9998515633167704
0.9998564561847354
0.99986789784629
0.9998809064579968
0.9998832831427973
0.9998893634379349
0.9998927974274423
0.9999005974338302
0.9999015054466429
0.9999022642181298
0.9999105659129695
0.999912216207951
0.9999163978164753
0.9999203510868231
0.9999352812164575
0.9999355749596912
0.9999495528471791
0.9999521582569395
0.999952975078702
0.9999534750655881
0.9999537654042042
0.9999538161971175
0.9999561730814222
0.9999599942767128
0.9999601311204032
0.9999636799112372
0.9999644863268335
0.9999650337835295
0.9999656027791257
0.9999659217911605
0.9999670115464783
0.9999674271181992
0.9999705554108475
0.9999717361151554
0.9999721962964087
0.9999725120150962
0.9999784239070475
0.9999796996364705
0.9999797826976321
0.99998079533209
0.9999824198033651
0.9999833903192987
0.9999838281123478
0.9999844178426456
0.9999863447270009
0.9999872843501474
0.9999883008910281
0.9999883522617979
0.9999893023130316
0.9999901899365946
0.9999905233447948
0.9999906266824696
0.9999910700030854
0.9999911648878953
0.9999915214587146
0.9999916697497416
0.9999918772961307
0.9999929996136061
0.9999932352665042
0.9999936526885103
0.9999939957031774
0.9999940781127996
0.9999940797925402
0.9999943653802786
0.9999943899666263
0.9999944998775174
0.9999947885104956
0.9999948779507428
0.9999955660749142
0.9999956344110099
0.9999957090655107
0.9999958806665961
0.9999959353747149
0.9999959773125013
0.9999961163211011
0.9999961251838347
0.9999964429986535
0.9999972256045321
0.9999972542904412
0.9999972742986087
0.9999973515095647
0.999997390301034
0.999997514068766
0.9999977478740165
0.9999978472324744
0.9999979667705206
0.9999980302242366
0.9999980552827896
0.9999980665627459
0.9999981917750924
0.9999982269478624
0.9999982468349242
0.999998285744633
0.9999983311734157
0.9999984381483547
0.9999986591234598
0.9999987353624493
0.9999988255036963
0.9999988388300423
0.9999988925917062
0.9999989143627088
0.9999989153649863
0.9999989378739023
0.9999989473219033
0.999999088998682
0.9999991453519568
0.999999175158574
0.9999992257064276
0.9999993067087112
0.9999993234025383
0.9999993359250557
0.9999994186512322
0.9999994897690218
0.9999995798947328
0.999999598495792
0.9999996027309679
0.9999996256885433
0.9999996707621592
0.9999996711942403
0.9999996717383516
0.9999996782012066
0.9999996928085737
0.9999997474248774
0.9999997727524572
0.9999997767758368
0.9999997802917646
0.9999998062985898
0.9999998446571581
0.9999998607529774
0.9999998646255412
0.9999998735117561
0.9999998781504054
0.9999998827691756
0.9999998843393731
0.9999998850862459
0.9999998891556785
0.9999998891876183
0.9999998936327686
0.9999998948566255
0.9999998950466636
0.9999999005927506
0.9999999086811128
0.9999999135051493
0.9999999168923035
0.9999999185576769
0.999999922838238
0.9999999275679218
0.9999999306353435
0.9999999306357055
0.9999999333378478
0.9999999358235934
0.9999999407665787
0.9999999453455685
0.9999999542266401
0.9999999553686101
0.9999999560616273
0.9999999569353912
0.9999999586616968
0.9999999595358514
0.9999999685237678
0.999999971398671
0.999999971800876
0.9999999744400949
0.9999999748784107
0.9999999759041986
0.9999999763437979
0.999999976913421
0.9999999771137795
0.9999999784137121
0.9999999808538721
0.9999999817465302
0.99999998277373
0.9999999834750822
0.9999999860024857
0.9999999863151721
0.9999999864991866
0.9999999867718599
0.9999999889680464
0.999999990344759
0.9999999912909715
0.9999999916364857
0.9999999920472931
0.9999999922000526
0.9999999922145832
0.9999999922450767
0.9999999925016256
0.9999999933240848
0.9999999937456009
0.9999999947608813
0.9999999950973724
0.9999999960864301
0.9999999973985906
0.9999999980235517
0.9999999981017922
0.9999999981577545
0.9999999982807448
0.9999999983171293
0.9999999983634331
0.9999999985578067
0.999999998671349
0.999999998764735
0.9999999987764989
0.9999999987896212
0.9999999988010126
0.9999999988404502
0.9999999989281964
0.9999999990043593
0.999999999038997
0.9999999991646646
0.9999999991706993
0.999999999222581
0.9999999993315974
0.9999999993697948
0.9999999994082889
0.9999999994559841
0.9999999994644069
0.9999999996285287
0.9999999996359408
0.9999999996568294
0.9999999996907434
0.999999999706148
0.9999999997249134
0.9999999997378028
0.9999999997518199
0.9999999997744453
0.9999999997756911
0.9999999998163833
0.999999999826997
0.9999999998299045
0.9999999998760798
0.9999999998810845
0.9999999998879445
0.9999999998932267
0.9999999999033717
0.9999999999073168
0.9999999999078031
0.9999999999221536
0.9999999999249228
0.9999999999326619
0.9999999999488274
0.9999999999540137
0.9999999999577678
0.9999999999587952
0.9999999999590039
0.9999999999615481
0.9999999999636913
0.9999999999653019
0.999999999969897
0.9999999999754152
0.999999999976104
0.9999999999770637
0.9999999999799671
0.9999999999818243
0.9999999999823501
0.9999999999826459
0.9999999999836291
0.9999999999846026
0.9999999999847882
0.9999999999865543
0.9999999999875122
0.9999999999876916
0.9999999999885067
0.999999999989559
0.9999999999899911
0.9999999999916347
0.9999999999917364
0.9999999999920419
0.9999999999929328
0.9999999999937246
0.9999999999948983
0.999999999995029
0.9999999999957456
0.999999999995753
0.9999999999957986
0.9999999999961346
0.9999999999962199
0.9999999999964189
0.9999999999967448
0.9999999999969588
0.9999999999970406
0.9999999999970679
0.9999999999970726
0.999999999997101
0.9999999999977831
0.9999999999979492
0.999999999998148
0.9999999999981749
0.9999999999984084
0.9999999999984759
0.9999999999985049
0.9999999999985232
0.9999999999985952
0.9999999999986358
0.9999999999986469
0.999999999998721
0.9999999999988631
0.9999999999988902
0.9999999999989058
0.9999999999989768
0.9999999999990815
0.9999999999990903
0.9999999999990905
0.9999999999991483
0.9999999999991593
0.9999999999991981
0.9999999999993038
0.9999999999993388
0.9999999999993747
0.9999999999994058
0.9999999999994299
0.9999999999994377
0.9999999999994442
0.9999999999994591
0.9999999999994933
0.999999999999506
0.9999999999995187
0.9999999999995453
0.9999999999995524
0.9999999999995827
0.9999999999995898
0.9999999999996021
0.9999999999996161
0.9999999999996305
0.9999999999996445
0.9999999999996843
0.9999999999996874
0.9999999999997726
0.9999999999997745
0.9999999999997962
0.9999999999998295
0.9999999999998392
0.9999999999998636
0.9999999999998647
0.9999999999998819
0.9999999999998828
0.9999999999998863
0.9999999999999034
0.9999999999999076
0.9999999999999084
0.9999999999999117
0.9999999999999147
0.9999999999999245
0.999999999999929
0.9999999999999318
0.9999999999999398
0.9999999999999432
0.9999999999999432
0.9999999999999443
0.9999999999999444
0.9999999999999449
0.999999999999946
0.9999999999999499
0.9999999999999503
0.9999999999999595
0.9999999999999645
0.9999999999999654
0.9999999999999671
0.9999999999999687
0.9999999999999711
0.9999999999999716
0.9999999999999716
0.9999999999999739
0.9999999999999771
0.9999999999999839
0.9999999999999858
0.9999999999999858
0.9999999999999873
0.9999999999999878
0.9999999999999911
0.9999999999999929
0.9999999999999929
0.9999999999999929
0.9999999999999942
0.9999999999999947
0.9999999999999951
0.9999999999999964
0.999999999999998
0.9999999999999982
0.9999999999999984
0.9999999999999986
0.9999999999999987
0.9999999999999988
0.9999999999999992
0.9999999999999992
0.9999999999999993
0.9999999999999996
0.9999999999999996
0.9999999999999998
0.9999999999999998
0.9999999999999998
0.9999999999999998
0.9999999999999999
1.0
1.0
1.0
1.0
1.0
1.0
1.0
1.0
1.0
1.0
1.0
1.0
1.0
1.0
1.0
1.0
1.0
1.0
1.0
1.0
1.0
1.0
1.0
1.0
1.0
1.0
1.0
1.0
1.0
1.0
1.0
1.0
1.0
1.0
1.0
1.0
1.0
1.0
1.0
1.0
1.0
1.0
1.0
1.0
1.0
1.0
1.0
1.0
1.0
1.0
1.0
1.0
1.0
1.0
1.0
1.0
1.0
1.0
1.0
1.0
1.0
1.0
1.0
1.0
1.0
1.0
1.0
1.0
1.0
1.0
1.0
1.0
1.0
1.0
1.0
1.0
1.0
1.0
1.0
1.0
1.0
1.0
1.0
1.0
1.0
1.0
1.0
1.0
1.0
1.0
1.0
1.0
1.0
1.0
1.0
1.0
1.0
1.0
1.0
1.0
1.0
1.0
1.0
1.0
1.0
1.0
1.0
1.0
1.0
1.0
1.0
1.0
1.0
1.0
1.0
1.0
1.0
1.0
1.0
1.0
1.0
1.0
1.0
1.0
1.0
1.0
1.0
1.0
1.0
1.0
1.0
1.0
1.0
1.0
1.0
1.0
1.0
1.0
1.0
1.0
1.0
1.0
1.0
1.0
1.0
1.0
1.0
1.0
1.0
1.0
1.0
1.0
1.0
1.0
1.0
1.0
1.0
1.0
1.0
1.0
1.0
1.0
1.0
1.0
1.0
1.0
1.0
1.0
1.0
1.0
1.0
1.0
1.0
1.0
1.0
1.0
1.0
1.0
1.0
1.0
1.0
1.0
1.0
1.0
1.0
1.0
1.0
1.0
1.0
1.0
1.0
1.0
1.0
1.0
1.0
1.0
1.0
1.0
1.0
1.0
1.0
1.0
1.0
1.0
1.0
1.0
1.0
1.0
1.0
1.0
1.0
1.0
1.0
1.0
1.0
1.0
1.0
1.0
1.0
1.0
1.0
1.0
1.0
1.0
1.0
1.0
1.0
1.0
1.0
1.0
1.0
1.0
1.0
1.0
1.0
1.0
1.0
1.0
1.0
1.0
1.0
1.0
1.0
1.0
1.0
1.0
1.0
1.0
1.0
1.0
1.0
1.0
1.0
1.0
1.0
1.0
1.0
1.0
1.0
1.0
1.0
1.0
1.0
1.0
1.0
1.0
1.0
1.0
1.0
1.0
1.0
1.0
1.0
1.0
1.0
1.0
1.0
1.0
1.0
1.0
1.0
1.0
1.0
1.0
1.0
1.0
1.0
1.0
1.0
1.0
1.0
1.0
1.0
1.0
1.0
1.0
1.0
1.0
1.0
1.0
1.0
1.0
1.0
1.0
1.0
1.0
1.0
1.0
1.0
1.0
1.0
1.0
1.0
1.0
1.0
1.0
1.0
1.0
1.0
1.0
1.0
1.0
1.0
1.0
1.0
1.0
1.0
1.0
1.0
1.0
1.0
1.0
1.0
1.0
1.0
1.0
1.0
1.0
1.0
1.0
1.0
1.0
1.0
1.0
1.0
1.0
1.0
1.0
1.0
1.0
1.0
1.0
1.0
1.0
1.0
1.0
1.0
1.0
1.0
1.0
1.0
1.0
1.0
1.0
1.0
1.0
1.0
1.0
1.0
1.0
1.0
1.0
1.0
1.0
1.0
1.0
1.0
1.0
1.0
1.0
1.0
1.0
1.0
1.0
1.0
1.0
1.0
1.0
1.0
1.0
1.0
1.0
1.0
1.0
1.0
1.0
1.0
1.0
1.0
1.0
1.0
1.0
1.0
1.0
1.0
1.0
1.0
1.0
1.0
1.0
1.0
1.0
1.0
1.0
1.0
1.0
1.0
1.0
1.0
1.0
1.0
1.0
1.0
1.0
1.0
1.0
1.0
1.0
1.0
1.0
1.0
1.0
1.0
1.0
1.0
1.0
1.0
1.0
1.0
1.0
1.0
1.0
1.0
1.0
1.0
1.0
1.0
1.0
1.0
1.0
1.0
1.0
1.0
1.0
1.0
1.0
1.0
1.0
1.0
1.0
1.0
1.0
1.0
1.0
1.0
1.0
1.0
1.0
1.0
1.0
1.0
1.0
1.0
1.0
1.0
1.0
1.0
1.0
1.0
1.0
1.0
1.0
1.0
1.0
1.0
1.0
1.0
1.0
1.0
1.0
1.0
1.0
1.0
1.0
1.0
1.0
1.0
1.0
1.0
1.0
1.0
1.0
1.0
1.0
1.0
1.0
1.0
1.0
1.0
1.0
1.0
1.0
1.0
1.0
1.0
1.0
1.0
1.0
1.0
1.0
1.0
1.0
1.0
1.0
1.0
1.0
1.0
1.0
