1.0
1.0
1.0
1.0
0.0
1.0
0.9999999999999921
1.0
0.002767857612557878
0.0
1.0
1.0
1.0
0.0
0.0
0.0
1.0
0.0
0.0
1.0
5.3512749786932545e-12
1.0
1.0
5.463340890798918e-11
0.0
1.0
1.0
0.0
1.0
0.0
1.0
1.0
1.0
1.0
0.0
0.0
1.0
0.0
1.0
1.0
0.989736196774505
0.0
0.0
5.571099137569036e-13
0.0
0.0
0.0
1.0
0.0
1.0
1.0
0.0
0.0
0.0
0.0
1.0306777004087664e-07
0.0
1.0
1.0
0.0
0.9999144137592658
1.0
1.0
0.0
0.0
1.0
0.0
0.0
1.0
0.0
0.0
0.0
1.0
1.0
0.0
1.0
0.9811640774847896
5.551115123125783e-16
1.0
1.0
1.0
0.0
1.0
0.0
1.0
0.0
0.0
0.0
0.0
0.0
0.8862372072503167
1.0
0.9999999999986358
1.0
0.9999995909805146
1.0
1.0
0.0
0.0027649532428579704
0.0
0.0
0.0
0.0
0.9999999999999976
0.9999999999998579
0.0
0.0
1.0
0.0
0.0
0.9999999998409805
1.0
0.0
0.9999992941002767
1.0
0.00015403617970904948
5.768718835952313e-13
1.0
1.0
0.043761162577631185
1.0
1.0
0.8874852287505157
0.0
1.0
0.0
1.0
0.9999999994645292
1.0
0.0
1.0
0.999999999730278
0.0
0.0
0.0
0.9999918877935147
1.0
1.0
0.0
1.0
1.0
0.0
1.9280767538099042e-08
0.9999999999999432
1.0
0.0
0.0
0.0
1.0
0.0
0.0
1.0
0.0
0.0
0.0
0.0
1.0
0.0
1.0
1.0
0.0
0.0
0.0
1.449159015010082e-09
1.0
0.0
1.0
0.0
0.0
0.0
0.0
0.0
0.0
1.0
0.0
0.0
0.9999999998665074
1.0
0.0
0.0
0.0
1.0
1.0
0.0
0.016970950239286797
0.0
0.0
1.0
0.0
1.0
0.0
0.9999999960841592
0.0
0.0
1.0
0.0
0.0
0.0
0.0
1.0
0.0
0.0
1.0
0.29984689678663945
0.0
0.0
0.0
1.0
0.0
1.0
1.0
0.0
0.0
0.9999999973793023
1.0
0.0
1.0
1.0
0.9999999999999951
1.0
0.9999999999995509
0.0
1.0
0.0
1.0
1.0
1.0
0.0
0.9999999999989699
1.0
0.0
0.0
1.0
1.0
0.0
0.0
1.0
0.0
0.0
1.0
0.0
0.0
0.0
0.0
0.7731915399808716
0.0
0.0
0.0
0.0
1.0
0.0
1.0
0.0
1.0
0.0
0.0
0.0
0.0
0.0
0.7994499342137901
1.0
0.0
0.0
1.0
0.0
0.0
0.0
0.9999999999993776
0.0
1.0
0.0
0.0
0.0
1.0
0.0
0.9999992144733969
0.0
0.0
1.0
0.0
1.0
0.0
0.0
1.0
0.0
0.0
0.0
1.0
1.0
1.0
0.0
0.0
0.9995760025214881
1.0
1.0
0.9991546783004202
1.0
0.0
0.0
0.0
1.0
1.0
1.0
1.0
0.0
0.0
0.9999999999985856
0.0
0.0
0.0
0.0
0.0
1.7546710306959312e-08
1.0
0.0
0.0
0.0
0.0
0.9931675289407504
0.0
0.0
0.0
0.9999999999999862
0.9999999858452617
1.0
1.0
0.0
0.0
1.0
0.0
0.0
0.0
0.0
0.0
0.0
1.0
0.0
1.0
0.0
0.0
1.0
1.0
1.0
0.9999972175565857
1.4690471061840071e-12
0.0
0.0
0.0
0.0
0.9999999999784184
1.0
0.0
1.0
0.0
0.0
0.0
0.0
0.9999998558295233
1.0
0.0
0.0
0.0022194723052834098
1.0
0.9999999999997726
0.9999999999999432
1.0
0.0
0.9999481182258869
0.0
0.0
1.0
1.0
1.0
0.0
0.0
0.0
1.0
1.0
0.0
1.0
0.0
0.0
1.0
1.0
1.0
1.0
1.0
0.0
0.0
0.0
1.6259937840601424e-11
0.0
1.0
0.0
0.0
1.0
0.0
0.0
0.0
0.0016761075901421951
0.0
1.0
0.0
0.0
0.0
1.0
0.0
0.0
0.0
0.0
0.0
0.0
0.0
0.0
1.0
0.0
0.9420958477795187
1.0
0.0
0.0
1.0
0.0
0.0
1.0
0.0
0.0
0.0
0.0
0.0
0.0
0.0
1.0
1.0
0.0
1.0
0.0
0.0
9.43689570931383e-16
1.0
2.935928091751805e-07
0.0
0.9999999995019664
1.0
0.0
0.0
1.0
1.0
1.0
0.0
0.0
0.9999999162836214
1.0
0.0
0.0
0.9999999997142766
1.0
1.0
1.0
1.0
0.0
0.0
3.927696690664284e-07
1.0
0.0
0.0
1.0
0.0
0.0
0.0
9.18709552877317e-14
1.0
0.9999999999997702
0.0
0.0
0.0
1.0
0.0
0.0
0.0
1.0
0.0
0.0
1.0
1.0
0.0
0.02041156977057501
0.0
0.0
9.93012301830909e-08
0.0
0.0
1.0
1.0
1.0
1.0
1.0
1.0
1.0
2.4816161150187366e-05
1.7735812818386876e-13
0.9999523445533285
0.0
1.0
0.0
0.0
1.0
0.030791544904601842
1.0
1.0
1.0
0.0
0.0
0.0
1.0
0.0
1.0
0.0
0.0
0.0
0.0
0.0
1.0
0.0
0.0
0.0
0.0
1.0
0.0
0.9999999754648463
0.0
0.682558650475983
0.0
0.0
0.9999999988833679
1.0
0.9999999948259878
0.0
1.0
0.999961637173576
1.0
0.0
0.0
0.0
1.0
1.0
0.0
0.0
0.0
1.0
0.0
1.0
0.0
0.0
0.0
0.0
3.5214546143413905e-05
1.0
0.0
1.0
3.1920693865927774e-10
1.0
2.657590036925228e-09
1.0
1.0
0.0
0.0
0.0
1.0
0.0
0.999999999999801
1.0
0.0
1.0
1.0
0.0
0.0
2.3628876633097207e-12
1.0
1.0
0.0
0.0
1.0
1.0
0.8859293135893612
0.0
0.0
0.0
0.0
0.999998633433164
1.0
0.9997182746155864
1.0
0.0
0.9999999999998332
0.0
0.0
0.0
0.0
1.0
0.0
0.9999978552590433
0.0
0.9999999846438075
1.0
0.0
1.0
0.0
0.0
0.0
0.0
0.0
0.0
1.0
1.0
0.0
0.0
5.551115123125783e-17
0.0
1.0
1.0
0.0
0.0
1.0
1.0
1.5393242236427795e-13
0.0
0.0
1.0
1.0
1.0
1.0
1.0
1.0
1.0
0.0
0.0
1.0
0.0
1.0
0.9999999726758169
1.0
0.0
1.0
0.0
0.0
0.0
0.0
1.0
0.0
1.0
0.0
0.0
0.999961567017832
0.3665098388721159
0.0
1.0
1.0163470715029987e-07
0.0
1.0
1.0
1.0
0.0
0.0
0.0
1.0
0.0
0.0
0.0
0.0
1.0
0.0
0.0
0.0
0.0
1.0
0.0
0.0
1.0
0.0
0.0
0.0
0.0
1.0
1.0
0.0
0.0
1.0
0.0
0.0
1.0
1.0
0.9500872003306282
0.0
1.0
0.0
0.0
0.0
0.0
0.0
1.0
0.0
1.0119260984708944e-10
1.0
1.0
0.0
0.0
1.0
1.0
0.0
0.0
0.0
0.9999999999997189
1.0
0.0
0.9999999999601528
1.0
0.0
0.0
1.0
5.3128345046393743e-05
0.0
0.0
1.0
1.0
0.0
1.0
0.0
0.0
1.0
1.0
1.0
1.0
0.0
0.0
0.0
0.0
1.0
1.0
0.9999999999999432
1.0
1.0
0.0
0.9999999999999659
0.0
1.0
1.0
0.0
0.0
1.0
0.0
0.0
1.0
0.0
0.0
0.0
1.0628276037039086e-11
0.0
0.0
0.0
0.0
0.0
1.0
1.0
0.0
0.0
1.0
1.0
0.0
0.0
0.0
0.0
1.0
8.172561694164138e-06
0.0
1.0
0.0
1.0
0.0
0.0
0.0
1.0
1.0
0.0
1.0
1.0
0.0
1.0
0.0
1.0
0.0
0.0
1.0
1.0
0.0
0.0
0.0
1.0
0.0
0.0
0.99999999986304
0.0
1.0
0.0
0.03347630167150922
0.9999999999482441
1.0
0.0
0.0
1.0
1.0
0.0
0.016509314075686565
0.0
1.0
0.0
0.0
1.0
1.0
1.0
0.0
1.0
0.0
0.0
1.0
1.0
1.0
0.0
0.0
0.0
1.0
0.0
0.0
1.0
0.0
1.0
0.0
0.0
0.0
1.0
1.0
0.0
0.0
0.0
0.0
0.9999999989209805
0.0
0.0
1.0
0.0
4.6151970207242154e-05
1.0
0.0
0.0
0.0
0.0
0.0
0.4783673920907753
0.0
1.0
0.0
0.0
1.0
0.0
1.0
0.0
0.0
1.0
0.0
0.0
1.0
0.9975370392054091
0.0
0.0
1.0
1.0
1.0
1.1657341758564144e-15
0.0
0.0
0.0
0.0
0.0
0.0
0.0
1.0
0.9999997338960183
0.0
0.0
1.0
1.0
0.0
0.0
1.0
0.9999999999999731
0.0
0.0
1.0
0.0
0.9999999993538691
0.0
0.0
1.0
0.0
1.0
0.0
0.0
1.0
0.0
0.0
0.0
0.0
0.0
0.0
0.0
0.0
1.0
0.0
0.0
0.0
0.9992759703923433
1.0
0.0
0.02411832526171276
0.0
1.0
0.0
1.0
1.0
0.0
0.0
0.0
0.0
0.0
1.0
0.0
1.0
1.0
0.0
0.9999737354188489
1.0
0.0
0.0
1.0
1.7281120978651643e-11
1.0
1.0
0.0
0.0
1.0
0.0
0.0
1.0
0.0
1.0
0.0
0.0
0.0
0.0
0.0
0.0
0.0
0.9999999703395099
0.0
1.0
0.0
7.934208845483681e-13
1.9533819006767317e-12
3.9028654508221905e-07
1.0
0.0
0.0
0.0
0.0
1.0
0.0
0.9999999999999998
1.0
1.0
1.0
1.0
0.0
0.0
0.0
0.0
0.0
1.0
0.0
0.0
0.0
1.0
1.0
0.0
0.0
0.9999999406187597
0.0
0.0
0.0
1.0
0.0
1.0
1.0
0.0
1.0
0.0
0.992311366142428
0.0
0.0
1.0
0.0
1.0
1.0
0.9999999999999978
0.0
1.0
0.0
0.0
1.0
0.0
1.0
0.0
0.0
1.0
0.0
1.0
0.9999999057538513
0.0
1.0
0.0
0.0
0.0
0.0
0.0
5.441301065606252e-05
1.0
1.0
0.0
1.0
1.0
0.0
1.0
0.0
1.0
0.0
0.0
0.0
0.0
1.0
0.0
0.0
0.0
1.0
1.0
0.0
0.0
1.0
4.107453766000191e-08
1.0
0.0
0.07614660867696726
0.0
0.0
1.0
1.0
0.0
0.0
0.0
0.0
0.0
0.0
0.9999999999965905
0.0
0.9886736767093163
0.0
0.0
0.9999998913776433
0.0
1.0
0.0
1.0
0.0
0.0
1.0
0.0
0.0
1.0
0.11341743588502551
0.0
0.0
1.0
0.999999999999261
0.0
0.0
0.0
0.0
1.0
0.0
0.0
0.0
1.0
0.0
1.0
0.9987342821528202
0.0
0.0
0.0
0.0
0.0
1.0
0.0
1.0
1.0
0.0
0.0
1.0
1.0
1.0
1.0
0.0
0.0
1.0
0.0018800396126998908
0.0
1.0
0.0
1.0
0.0
0.0
0.0
0.0
0.9999992335616494
0.9999999999307028
1.0
0.0
1.0
1.0
0.0
1.0
0.0
0.0
1.0
0.9826721084916396
0.0
1.0
0.0
0.0
0.0
0.0
0.0
0.0
0.0
1.0
0.0
0.0
0.0
0.0
0.0
1.0
0.0
1.0
1.0
0.0
1.0
0.0
1.0
0.0
0.0
0.999999997733596
1.0
1.0
0.0
1.0
0.9999999932698174
6.989917541155855e-05
1.0
1.0313971898767704e-13
1.0
0.0
0.0
0.0
1.0
1.0
1.0
1.0
0.0
0.0
0.0
1.0
1.0
0.0
2.035038804137912e-13
1.0
1.0
1.0
0.0
0.0
0.0
0.0
1.0
1.0
1.0
0.0
0.9999999999719227
0.9997305574401958
1.0
0.9999999999999396
2.223443651416801e-12
0.0
0.0
0.0
0.0
1.0
1.0
1.0
0.0
1.0
0.0
5.551115123125783e-16
0.0
0.0
0.0
0.0
0.0
0.0
0.0
1.0
0.0
0.0
0.0
1.0
0.0
0.0
1.0
1.0
0.0
1.0
1.0
0.0
1.0
0.0
0.0
1.0
0.0
0.0
0.0
0.9996948920528707
0.0
0.0
0.0
1.0
1.0
1.0
0.0
1.0
0.0
1.0
1.0
0.0
0.0
1.0
4.884523668313712e-07
0.0
1.0
0.0
0.9999999999999216
0.0
0.0
0.0
0.001083240781478756
0.0
0.0
0.0
0.0
0.0
1.0
0.0
0.0
0.0
0.0
0.0
0.0
0.0
0.0
0.0
0.0
1.0
1.0
0.0
0.0
0.0
0.0
0.9999994916821218
0.0
0.0
0.0
0.0
0.0
0.0
0.0
1.0
1.0
1.0
1.0
0.0
0.0
0.0
1.0
0.9999977098024238
0.0
1.0
0.0
1.0
0.9999999999877227
0.0
0.0
0.0
0.0
1.0
0.9999999999702046
0.003567152583371813
0.0
0.0
1.0
0.0
0.0
1.0
1.0
0.0
1.0
5.551115123125783e-17
0.0
0.6362443538560695
1.0
1.0
1.0
1.0
1.0
1.0
0.0
0.0
1.0
1.0
0.0
1.0
0.0
1.0
1.0
0.0
0.0
1.0
1.0
0.0
0.0
0.0
0.0
0.0
2.7478019859472624e-14
1.0
1.0
0.0
0.0
1.0
0.0
0.0
0.9999999820892056
1.0
1.0
0.0
0.0
1.0
0.0
0.0
0.0
0.0
0.9999952489535928
0.0
0.0
0.9999864552720945
0.0
0.0
1.0
1.0
1.0
0.0
1.0
0.0
0.0
0.0
0.0
1.0
0.0
1.0
1.0
1.0
0.9988648367899158
0.9999999999998048
0.0
0.0
1.0
0.0
1.0
1.0
0.0
1.0
0.0
0.0
0.9999999999879925
0.0
0.0
0.0
1.0
0.0
1.0
5.639932965095795e-14
0.0
1.0
0.0
0.0
0.7525768188471
0.0
0.999999999813326
1.0
1.0
0.9999999363901066
0.0
0.0
1.0
1.0
0.0
0.0
0.0
0.0
1.0
1.0
0.0
2.2788747122748365e-05
0.0
0.0
1.0
0.0
1.0
0.0
8.014514607523893e-10
0.0
0.0
1.0
0.9999999999994111
1.0
0.0
1.0
2.258709885794019e-09
0.9981329722295381
0.0
1.0
0.9999990713922196
1.0
0.0
0.0
0.9999999990464998
0.0
1.0
0.0
1.0
1.0
0.9999999999972715
0.0
0.0
0.0
0.0
0.0
0.9999999996230429
0.0
1.0
1.0
0.0
0.0
1.0
0.0
1.0
0.0
0.0
0.0
0.9999999999998579
0.0
0.0
1.0
1.0
0.9999999999976845
0.0
0.0
0.00044284020090262777
1.3387897973560214e-07
0.0
0.9999751065341866
0.0
1.0
1.0
0.0
1.0
0.0
0.0
0.9992866227749829
1.0
1.0
1.0
1.0
1.0
0.0
0.0
0.0
1.0
1.0
0.0
0.0
0.0
0.999999920777717
0.0
1.0
1.0
0.0
0.0
1.0
0.0
0.0
1.0
1.1252443421483349e-11
0.9904029510301008
1.0
1.0
0.0
1.0
0.0
0.9999997755748147
1.0
1.0
1.0
0.0
0.0
1.0
1.0
0.9999999818398974
1.0
0.0
0.0
0.0
0.0
0.0
0.0
0.0
1.0
0.0
4.996003610813204e-16
1.0
1.0
1.0
0.0
0.0
1.0
0.0
1.0
0.0
0.0
0.999983634500512
1.0
0.0
1.0
0.0
0.0
0.0
0.0
0.0
0.0
1.0
1.0
0.0
0.0
6.106226635438361e-16
0.0
1.0
1.0
0.9999999999812123
1.0
0.9286071601458595
1.0
1.0
0.0
0.0
0.0
0.0
1.0
0.0
1.0
1.0
0.0
0.0
0.0
0.0
0.9999999999999432
0.0
0.0
1.0
0.0
1.0
1.0
1.0
0.0
1.2360699463975777e-08
0.0
0.0
1.0
0.0
0.0
1.0
0.0
1.0
0.0
0.0
1.0
0.0
0.0
0.0
0.0
1.0
0.9999999973891842
6.940292784918256e-11
0.0
0.0
0.0
1.0
0.0
0.0
0.0
1.0
0.0
0.0
1.0
0.0
1.0
1.0
0.9983665704202156
0.0
0.0
0.0
1.0
1.0
0.0
4.1252852870377055e-06
0.0
0.0
0.0
0.0
1.0
1.0
0.0
0.0
0.0
1.0
1.0
0.0
0.0
1.0
0.0
0.0
0.0
0.0
0.0
0.0
0.0
0.0
0.0
0.0
0.0
0.0
0.0
0.0
0.0
1.0
0.0
0.0
0.9999758431645374
0.0
0.0
1.0
0.2830715077328524
0.0
1.0
3.082668975640246e-08
0.0
0.0
0.0
0.0
0.0
0.0
1.0
1.0
1.0
4.778354031176324e-06
1.0
5.258617541414878e-09
0.999999999755335
0.0
0.0
1.0
0.0
0.0
1.0
0.0
0.0
0.0
1.0
1.0
0.0
0.0
0.0
0.0
0.0
0.0
1.0
1.0
1.0
0.0
1.0
1.0
0.0
1.0
0.0
0.0
0.0
0.0
0.0
1.0
0.0
1.0
0.0
0.0
1.0
0.0
0.0
0.999844584658858
0.9999999919495051
1.0
1.0
0.9999999990446693
0.0
0.0
1.0
1.0
1.0
0.0
1.0
0.0
0.0
1.393880089128885e-07
0.0
0.0
0.0
1.0
0.0
0.0
0.0
1.0
1.0
1.0
1.0
0.9999999999547481
0.0
0.0
0.0
1.0
1.0
0.0
0.0
0.0
0.997416637585435
1.0
1.0
1.0
0.0
0.0
0.0
0.0
1.0
0.0
0.9999924208386557
1.0
0.9999999982408057
0.0
1.0
0.0
1.0
0.0
0.0
0.0
1.0
0.9999997949087216
0.0
1.0
1.0
0.0
0.9999999999993747
0.0
0.0021176354877777137
0.0
5.5609607886308865e-06
1.0
0.0
0.9989725230470208
0.0
0.0
0.0
0.0
4.977982936416048e-07
1.0
1.0
1.0
5.651059369338185e-07
1.0
0.0
1.0
0.0
0.0
1.0
0.0
0.0
0.0
1.0
3.21677873227344e-09
0.0
0.0
0.0
1.0
2.5751623056180506e-13
1.0
0.0
1.0
0.0
1.0
1.0
0.0
1.0
1.0
1.0
0.0
1.0
0.0
1.0
0.9999999999975557
0.0
0.0
0.0
0.0
1.0
1.0
5.551115123125783e-17
0.9652573344108801
0.0
1.0
0.0007994677333107991
1.0
0.9999999999999999
0.0
1.0
1.0
0.0
0.0
1.0
7.216449660063518e-16
0.999999999999893
1.0
0.9999999999971066
0.9999999971648346
1.0
0.0
0.0
0.0
0.0
0.0
0.0
0.0
1.0
0.008767351625439401
0.0
0.0
0.0
0.0
0.0
0.0
0.9999999989560706
1.0
1.0
0.0
0.0
0.0
0.0
1.0
1.0
1.0
0.957361549829594
0.0
2.344235916496018e-13
0.0
0.0
0.0
1.0
0.0
1.0
0.9999999915006084
1.0
0.9999999999999991
0.0
1.0
0.0
0.0
0.0
1.0
0.0
0.0
1.0
0.0
1.0
2.488009798184976e-12
0.0
0.0
0.0
1.0
0.9999999999493088
0.9999999999999969
0.0
0.0
1.0
0.0
0.0
1.0
0.0
0.0
0.0
0.0018353991499731048
0.9999999960943206
0.0
1.0
1.0
0.9999999999994031
1.0
1.0
0.0
1.0
1.0
0.0
0.0
1.0
1.0
0.9938769561533438
0.0
1.0
0.0
0.0
0.0
0.0
0.0
1.0
0.0
0.0
0.0
0.0
0.0
0.0
0.0
0.9999999999999991
0.0
0.0
1.0
0.0
1.6678393693903004e-07
1.0
1.0
0.0
0.0
1.0
0.9999999998915143
1.0
0.0
1.0
0.0
0.0
0.0
1.0
1.0
0.9999999989012813
0.0
0.0
0.0
0.0
0.0
0.0
0.0
0.034437978274044656
0.9999999985641306
0.0
0.0
0.0
0.0
0.0
0.0005297782464787071
1.0
0.0
1.1213252548714081e-14
0.0
0.0
1.0
0.0
0.0
1.0
0.0
0.0
0.0
1.0
0.0
0.0
0.0
1.0
0.9999999998194657
0.0
0.0
0.0
1.0
0.0
0.0
0.0
0.0
0.0
1.0
1.0
1.0
0.0
0.0
0.0
1.0
0.0
0.0
0.0
0.9999999988407633
0.0
1.0
0.0
0.0
0.0
0.0
0.0
0.0
1.0
0.0
1.0
0.0
1.0
0.0
0.0
0.0
0.0
0.0
0.0
1.0
0.0
0.0
1.0
1.0
0.0
0.0
0.0
1.0
1.0
0.0
0.0
0.0
0.0
0.0
0.0
0.9999999978655372
1.0
0.0
0.0
0.0
0.0
0.0
0.0
0.0
0.0
0.0
1.0
0.9999289354612799
1.0
0.0
1.0
0.0
0.0
0.0
0.0
0.0
0.0
0.0
1.0
0.0
0.0
1.0
1.0
1.0
0.0
0.0
1.0
1.0
0.0
1.0
1.0
1.0
0.0
0.0
0.9999972471430247
1.0
0.0
0.0
0.0
1.0
1.0
0.0
0.9998702388666747
1.0
1.0
0.0
1.0
0.0
6.362688154126772e-13
1.0
1.0
1.0
0.0
0.0
1.0
0.0
0.0
1.0
1.0
1.0
0.0
1.0
0.0
0.0
0.0
0.0
0.9999999999756142
0.0
1.0
0.9999999999748184
0.0
0.0
0.0
1.0
1.0
0.0
1.0
0.0
0.0
0.995799542431691
0.0
0.9999999909059065
1.0
0.0
0.88664675165836
1.0
1.0
1.0
0.9998734133921378
0.0
0.0
1.0
0.0
1.0
1.0
0.0
0.0
1.0
6.101033453220772e-06
1.4665630377663774e-05
0.0
0.0
0.0
0.0
0.9779110733826573
0.9999999999999974
0.0
1.0
0.0
1.0
1.0
0.0
1.0
0.0
0.0
0.9999999812702929
1.0
1.0
1.0
0.0
0.9999566326696117
0.0
0.0
0.0
0.9999868536592834
0.0
1.0
0.0
0.0
0.0
1.0
0.0
1.0
1.0
1.1657341758564144e-15
1.0
0.0
5.495603971894525e-14
1.0
0.0
0.0
0.0
0.0
0.0
1.0
1.0
0.0
1.0
0.0
0.0
1.0
0.0
0.0
0.0
1.0
0.0
1.0
0.0
0.0
0.0
0.0
0.0
0.0
0.0
0.0
1.4432899320127035e-15
0.0
0.0
2.7755575615628914e-16
0.0
1.0
1.0
0.0
1.0
0.9999999999966831
1.0
0.0
0.0
1.0
0.9999999999989219
1.0
1.0
0.0
0.0
0.0
0.0
0.0
0.0
1.0
0.9945161277507054
1.0
1.0
0.0
1.0
0.11864240180870367
0.0
0.9999999998153726
0.0
0.0
1.0
0.0
1.0
0.9999999990692174
0.0
1.0
0.9999999999999998
0.9999954936201216
0.0
0.0
0.0
0.0
0.0
1.0
1.0
1.0
1.0
0.999999999999992
0.0
1.0
1.0
0.0
0.0
0.0008260171512946002
0.0
0.9999999999998972
0.9995916710194888
0.0
0.0
0.9999998015137915
0.9999999999999967
1.0
0.0
1.0
0.0
0.0
1.0
0.9978621815066409
1.0
0.0
1.0
1.0
1.0
0.0
0.0
0.0
0.05122790199341776
1.0
1.0
1.0
0.0
0.0
0.0
1.0
1.0
0.0
1.0
1.0
0.0
0.0
0.9999994636865528
1.0
4.645623241539276e-06
1.0
0.0
0.0
1.0
0.0
1.0
1.0
1.0
1.0
0.0
0.0
0.0
1.0
0.0
1.0
0.0
1.0
0.0
0.0
0.0
0.0
0.0
0.0
1.0
0.0
0.0
0.0
0.0
0.9021181590099061
0.0
3.4453606634343714e-11
0.0
1.0
0.0
1.0
1.0
0.0
1.0
0.0
0.9999999999999996
1.0
0.0
1.0
0.0
1.0
1.0
0.0
0.0
4.1076481105406515e-10
0.0
0.0
1.3081264533809644e-06
0.0
0.0
1.0
0.00014794821583880013
0.0
1.0
1.0
0.0
0.9999999999999869
0.0
1.0
1.0
0.0
0.0
0.0
0.9999999999288265
1.0
1.4345916121705216e-09
1.0
0.9999999999967741
1.0
0.0
0.0
1.0
0.0
1.0
0.0
0.0
0.0
1.0
0.0
1.0
1.0
0.0
0.0
0.9999999996470628
1.0
0.0
0.0
0.0
0.0
1.0
0.9999999910888755
0.0
1.0
0.0
0.0
1.0
0.006543976345634028
1.0
0.0
1.0
1.0
1.0
1.0
0.0
0.0
1.0
0.0
1.0
0.0
1.0
0.0
1.0
1.0
0.0
0.0
0.0
1.0
0.0
1.0
0.0
0.0
0.0
1.0
0.0
1.0
0.9999999999555453
0.0
0.9999999998624389
0.0
0.9999999923357377
0.0
0.0
1.0
1.0
0.0
0.0
0.0
1.0
1.0
1.0
0.0
1.0
0.0
0.0
1.0
1.0
1.0
1.0
0.0
1.0
0.9999999999981879
0.0
1.0
1.0
