0.8837209302325582
0.6666666666666667
0.8837209302325582
0.15217391304347827
0.6133720930232558
0.3385826771653543
0.3385826771653543
0.15217391304347827
0.6532066508313539
0.7021276595744681
0.6532066508313539
0.6666666666666667
0.15217391304347827
0.8372093023255813
0.6532066508313539
0.8313953488372093
0.1885714285714286
0.1885714285714286
0.6133720930232558
0.8545454545454545
0.6204379562043796
0.8424242424242424
0.1885714285714286
0.15217391304347827
0.7021276595744681
0.15217391304347827
0.25619834710743805
0.6532066508313539
0.8123515439429929
0.7226277372262774
0.3385826771653543
0.4427480916030534
0.3385826771653543
0.3385826771653543
0.4427480916030534
0.7814726840855106
0.3385826771653543
0.8852459016393442
0.6133720930232558
0.15217391304347827
0.3385826771653543
0.8545454545454545
0.7021276595744681
0.15217391304347827
0.8123515439429929
0.9752066115702479
0.4427480916030534
0.15217391304347827
0.6666666666666667
0.6133720930232558
0.8123515439429929
0.15217391304347827
0.15217391304347827
0.5423076923076924
0.5423076923076924
0.1885714285714286
0.8372093023255813
0.6532066508313539
0.1885714285714286
0.8343023255813954
0.9637681159420289
0.8091603053435115
0.8313953488372093
0.8424242424242424
0.8769230769230769
0.7814726840855106
0.15217391304347827
0.7814726840855106
0.8837209302325582
0.6133720930232558
0.8925619834710744
0.8372093023255813
0.6133720930232558
0.4016393442622951
0.8424242424242424
0.6532066508313539
0.9752066115702479
0.7021276595744681
0.7814726840855106
0.4427480916030534
0.1885714285714286
0.5423076923076924
0.7814726840855106
0.3385826771653543
0.3385826771653543
0.8123515439429929
0.8769230769230769
0.9180327868852459
0.6532066508313539
0.5423076923076924
0.15217391304347827
0.7818181818181819
0.8123515439429929
0.25619834710743805
0.7226277372262774
0.8372093023255813
0.15217391304347827
0.8545454545454545
0.7226277372262774
0.15217391304347827
0.8837209302325582
0.3385826771653543
0.889763779527559
0.4427480916030534
0.6666666666666667
0.7226277372262774
0.8971428571428571
0.8313953488372093
0.7814726840855106
0.9312977099236641
0.15217391304347827
0.4427480916030534
0.6204379562043796
0.7226277372262774
0.8961538461538462
0.6133720930232558
0.8123515439429929
0.4427480916030534
0.8372093023255813
0.25619834710743805
0.6532066508313539
0.889763779527559
0.8700787401574803
0.9192307692307692
0.6532066508313539
0.8971428571428571
0.6532066508313539
0.15217391304347827
0.4016393442622951
0.6666666666666667
0.8123515439429929
0.9746376811594203
0.8123515439429929
0.8123515439429929
0.3385826771653543
0.7226277372262774
0.8372093023255813
0.6532066508313539
0.7814726840855106
0.15217391304347827
0.8524590163934427
0.7814726840855106
0.7021276595744681
0.3385826771653543
0.9710144927536232
0.8545454545454545
0.8424242424242424
0.3385826771653543
0.4427480916030534
0.6532066508313539
0.7814726840855106
0.3385826771653543
0.3385826771653543
0.15217391304347827
0.6133720930232558
0.25619834710743805
0.7021276595744681
0.5423076923076924
0.15217391304347827
0.1885714285714286
0.5423076923076924
0.5423076923076924
0.8313953488372093
0.25619834710743805
0.25619834710743805
0.5423076923076924
0.6914893617021276
0.8769230769230769
0.25619834710743805
0.7226277372262774
0.6532066508313539
0.8837209302325582
0.6532066508313539
0.8545454545454545
0.3385826771653543
0.8852459016393442
0.4016393442622951
0.8123515439429929
0.6532066508313539
0.15217391304347827
0.8837209302325582
0.5423076923076924
0.3385826771653543
0.9371428571428572
0.7814726840855106
0.5423076923076924
0.7226277372262774
0.8191489361702128
0.5423076923076924
0.6666666666666667
0.3385826771653543
0.9406175771971497
0.8313953488372093
0.6532066508313539
0.8372093023255813
0.6204379562043796
0.1885714285714286
0.9406175771971497
0.3385826771653543
0.15217391304347827
0.6666666666666667
0.8123515439429929
0.6133720930232558
0.7814726840855106
0.15217391304347827
0.3385826771653543
0.5423076923076924
0.1885714285714286
0.889763779527559
0.8372093023255813
0.7814726840855106
0.7814726840855106
0.3385826771653543
0.8372093023255813
0.4427480916030534
0.8123515439429929
0.8313953488372093
0.9371428571428572
0.6532066508313539
0.15217391304347827
0.5423076923076924
0.7814726840855106
0.8313953488372093
0.1885714285714286
0.7226277372262774
0.6532066508313539
0.6133720930232558
0.5423076923076924
0.8123515439429929
0.7021276595744681
0.8123515439429929
0.8123515439429929
0.1885714285714286
0.25619834710743805
0.15217391304347827
0.8424242424242424
0.1885714285714286
0.9406175771971497
0.889763779527559
0.7814726840855106
0.25619834710743805
0.1885714285714286
0.5423076923076924
0.5423076923076924
0.15217391304347827
0.25619834710743805
0.8343023255813954
0.8372093023255813
0.1885714285714286
0.15217391304347827
0.8123515439429929
0.6133720930232558
0.8700787401574803
0.8372093023255813
0.3385826771653543
0.4427480916030534
0.7814726840855106
0.8123515439429929
0.9752066115702479
0.7226277372262774
0.3385826771653543
0.6133720930232558
0.8372093023255813
0.8372093023255813
0.6532066508313539
0.9180327868852459
0.8123515439429929
0.3385826771653543
0.8524590163934427
0.8123515439429929
0.5423076923076924
0.3385826771653543
0.6133720930232558
0.25619834710743805
0.6532066508313539
0.9384057971014492
0.8372093023255813
0.6532066508313539
0.8123515439429929
0.7021276595744681
0.6532066508313539
0.8123515439429929
0.25619834710743805
0.1885714285714286
0.6914893617021276
0.9312977099236641
0.6133720930232558
0.5423076923076924
0.1885714285714286
0.6532066508313539
0.8313953488372093
0.8343023255813954
0.4016393442622951
0.8123515439429929
0.15217391304347827
0.15217391304347827
0.6914893617021276
0.9426229508196722
0.8123515439429929
0.8123515439429929
0.4427480916030534
0.7226277372262774
0.9406175771971497
0.25619834710743805
0.7226277372262774
0.3385826771653543
0.25619834710743805
0.7814726840855106
0.4427480916030534
0.15217391304347827
0.8971428571428571
0.1885714285714286
0.7226277372262774
0.15217391304347827
0.6133720930232558
0.1885714285714286
0.5423076923076924
0.3385826771653543
0.6532066508313539
0.8123515439429929
0.15217391304347827
0.3385826771653543
0.25619834710743805
0.8700787401574803
0.6133720930232558
0.7226277372262774
0.9406175771971497
0.6133720930232558
0.7818181818181819
0.8925619834710744
0.6914893617021276
0.15217391304347827
0.7818181818181819
0.8191489361702128
0.8700787401574803
0.6204379562043796
0.8524590163934427
0.8372093023255813
0.8837209302325582
0.3385826771653543
0.8123515439429929
0.8524590163934427
0.15217391304347827
0.3385826771653543
0.1885714285714286
0.15217391304347827
0.6532066508313539
0.15217391304347827
0.4016393442622951
0.7226277372262774
0.6532066508313539
0.6133720930232558
0.7226277372262774
0.3385826771653543
0.15217391304347827
0.9406175771971497
0.6532066508313539
0.25619834710743805
0.15217391304347827
0.8769230769230769
0.8700787401574803
0.6133720930232558
0.5423076923076924
0.948905109489051
0.8372093023255813
0.6914893617021276
0.6532066508313539
0.15217391304347827
0.9465648854961832
0.25619834710743805
0.15217391304347827
0.8545454545454545
0.8372093023255813
0.7653846153846153
0.7226277372262774
0.6532066508313539
0.3385826771653543
0.6666666666666667
0.15217391304347827
0.1885714285714286
0.889763779527559
0.6532066508313539
0.8702290076335878
0.5423076923076924
0.5423076923076924
0.1885714285714286
0.25619834710743805
0.7021276595744681
0.6133720930232558
0.25619834710743805
0.7653846153846153
0.8313953488372093
0.8123515439429929
0.15217391304347827
0.8545454545454545
0.4427480916030534
0.6532066508313539
0.1885714285714286
0.6133720930232558
0.8313953488372093
0.7653846153846153
0.4427480916030534
0.15217391304347827
0.8313953488372093
0.1885714285714286
0.8524590163934427
0.8971428571428571
0.4016393442622951
0.15217391304347827
0.3385826771653543
0.3385826771653543
0.3385826771653543
0.4427480916030534
0.6532066508313539
0.8702290076335878
0.25619834710743805
0.8123515439429929
0.4016393442622951
0.8123515439429929
0.6532066508313539
0.6666666666666667
0.1885714285714286
0.1885714285714286
0.7653846153846153
0.8091603053435115
0.15217391304347827
0.7226277372262774
0.15217391304347827
0.6666666666666667
0.7653846153846153
0.5423076923076924
0.8091603053435115
0.8424242424242424
0.8313953488372093
0.8769230769230769
0.4427480916030534
0.8123515439429929
0.1885714285714286
0.4427480916030534
0.15217391304347827
0.9854014598540146
0.6666666666666667
0.8545454545454545
0.7818181818181819
0.5423076923076924
0.7818181818181819
0.984251968503937
0.8343023255813954
0.8091603053435115
0.9180327868852459
0.6666666666666667
0.8123515439429929
0.1885714285714286
0.15217391304347827
0.6532066508313539
0.8424242424242424
0.6133720930232558
0.9180327868852459
0.1885714285714286
0.6204379562043796
0.4016393442622951
0.8343023255813954
0.5423076923076924
0.6532066508313539
0.3385826771653543
0.9406175771971497
0.7814726840855106
0.9637681159420289
0.3385826771653543
0.4016393442622951
0.15217391304347827
0.25619834710743805
0.15217391304347827
0.4016393442622951
0.3385826771653543
0.8313953488372093
0.15217391304347827
0.9637681159420289
0.8524590163934427
0.9192307692307692
0.8313953488372093
0.7814726840855106
0.4016393442622951
0.6532066508313539
0.4427480916030534
0.1885714285714286
0.3385826771653543
0.3385826771653543
0.7653846153846153
0.1885714285714286
0.3385826771653543
0.7021276595744681
0.4016393442622951
0.3385826771653543
0.7814726840855106
0.15217391304347827
0.8123515439429929
0.6532066508313539
0.6133720930232558
0.1885714285714286
0.1885714285714286
0.15217391304347827
0.15217391304347827
0.8123515439429929
0.15217391304347827
0.15217391304347827
0.8123515439429929
0.6133720930232558
0.8313953488372093
0.9192307692307692
0.8961538461538462
0.3385826771653543
0.9406175771971497
0.3385826771653543
0.7653846153846153
0.8837209302325582
0.6914893617021276
0.8545454545454545
0.8545454545454545
0.7818181818181819
0.6914893617021276
0.9406175771971497
0.1885714285714286
0.4016393442622951
0.15217391304347827
0.8925619834710744
0.6204379562043796
0.1885714285714286
0.6133720930232558
0.8123515439429929
0.8123515439429929
0.8343023255813954
0.8123515439429929
0.7021276595744681
0.7226277372262774
0.7814726840855106
0.8123515439429929
0.15217391304347827
0.1885714285714286
0.8971428571428571
0.9637681159420289
0.6532066508313539
0.9752066115702479
0.15217391304347827
0.1885714285714286
0.15217391304347827
0.8837209302325582
0.8123515439429929
0.889763779527559
0.4427480916030534
0.3385826771653543
0.5423076923076924
0.6532066508313539
0.8123515439429929
0.6133720930232558
0.8123515439429929
0.7653846153846153
0.3385826771653543
0.8123515439429929
0.8700787401574803
0.4427480916030534
0.5423076923076924
0.8123515439429929
0.5423076923076924
0.8424242424242424
0.8837209302325582
0.3385826771653543
0.6133720930232558
0.6133720930232558
0.4427480916030534
0.3385826771653543
0.8702290076335878
0.6133720930232558
0.15217391304347827
0.7814726840855106
0.5423076923076924
0.6532066508313539
0.6532066508313539
0.8424242424242424
0.9180327868852459
0.6666666666666667
0.4016393442622951
0.8852459016393442
0.8313953488372093
0.15217391304347827
0.6133720930232558
0.5423076923076924
0.5423076923076924
0.6133720930232558
0.15217391304347827
0.8545454545454545
0.1885714285714286
0.6532066508313539
0.7818181818181819
0.6133720930232558
0.5423076923076924
0.8123515439429929
0.25619834710743805
0.6133720930232558
0.8123515439429929
0.8925619834710744
0.8123515439429929
0.8852459016393442
0.6532066508313539
0.7226277372262774
0.8424242424242424
0.8123515439429929
0.8343023255813954
0.8123515439429929
0.15217391304347827
0.4427480916030534
0.7653846153846153
0.25619834710743805
0.6133720930232558
0.3385826771653543
0.3385826771653543
0.5423076923076924
0.8313953488372093
0.5423076923076924
0.8837209302325582
0.8123515439429929
0.6532066508313539
0.8925619834710744
0.6532066508313539
0.8123515439429929
0.6666666666666667
0.6133720930232558
0.8769230769230769
0.4016393442622951
0.9173228346456693
0.9192307692307692
0.1885714285714286
0.8313953488372093
0.8123515439429929
0.4427480916030534
0.3385826771653543
0.6532066508313539
0.9192307692307692
0.7226277372262774
0.8123515439429929
0.1885714285714286
0.6532066508313539
0.8545454545454545
0.4016393442622951
0.1885714285714286
0.8313953488372093
0.6532066508313539
0.9371428571428572
0.8925619834710744
0.6666666666666667
0.3385826771653543
0.5423076923076924
0.8769230769230769
0.7818181818181819
0.8343023255813954
0.1885714285714286
0.6532066508313539
0.8343023255813954
0.5423076923076924
0.984251968503937
0.3385826771653543
0.8700787401574803
0.6133720930232558
0.8700787401574803
0.25619834710743805
0.6532066508313539
0.8123515439429929
0.8123515439429929
0.7653846153846153
0.6666666666666667
0.9406175771971497
0.5423076923076924
0.1885714285714286
0.9384057971014492
0.8123515439429929
0.3385826771653543
0.6204379562043796
0.7226277372262774
0.15217391304347827
0.3385826771653543
0.8343023255813954
0.7814726840855106
0.6133720930232558
0.9384057971014492
0.8313953488372093
0.8343023255813954
0.7653846153846153
0.1885714285714286
0.851063829787234
0.15217391304347827
0.8313953488372093
0.15217391304347827
0.6532066508313539
0.1885714285714286
0.8123515439429929
0.25619834710743805
0.8372093023255813
0.4016393442622951
0.25619834710743805
0.948905109489051
0.8313953488372093
0.8343023255813954
0.8123515439429929
0.8702290076335878
0.8123515439429929
0.8123515439429929
0.7226277372262774
0.6666666666666667
0.3385826771653543
0.15217391304347827
0.8123515439429929
0.7226277372262774
0.25619834710743805
0.25619834710743805
0.9173228346456693
0.8123515439429929
0.6532066508313539
0.8702290076335878
0.5423076923076924
0.8837209302325582
0.6133720930232558
0.8343023255813954
0.9173228346456693
0.1885714285714286
0.6133720930232558
0.5423076923076924
0.9710144927536232
0.6133720930232558
0.7818181818181819
0.3385826771653543
0.25619834710743805
0.8700787401574803
0.8372093023255813
0.7653846153846153
0.7226277372262774
0.8971428571428571
0.7814726840855106
0.6204379562043796
0.8961538461538462
0.1885714285714286
0.6532066508313539
0.9312977099236641
0.8313953488372093
0.4016393442622951
0.6133720930232558
0.1885714285714286
0.851063829787234
0.7226277372262774
0.6204379562043796
0.4016393442622951
0.9384057971014492
0.15217391304347827
0.25619834710743805
0.5423076923076924
0.4016393442622951
0.8424242424242424
0.8769230769230769
0.7653846153846153
0.25619834710743805
0.6133720930232558
0.4427480916030534
0.6666666666666667
0.15217391304347827
0.7226277372262774
0.8545454545454545
0.7653846153846153
0.8372093023255813
0.8372093023255813
0.9426229508196722
0.15217391304347827
0.8700787401574803
0.9406175771971497
0.6666666666666667
0.15217391304347827
0.6133720930232558
0.6133720930232558
0.7226277372262774
0.9465648854961832
0.15217391304347827
0.9406175771971497
0.5423076923076924
0.6532066508313539
0.15217391304347827
0.8961538461538462
0.8123515439429929
0.9406175771971497
0.9173228346456693
0.8700787401574803
0.8925619834710744
0.6532066508313539
0.5423076923076924
0.15217391304347827
0.9710144927536232
0.4016393442622951
0.15217391304347827
0.15217391304347827
0.8545454545454545
0.7818181818181819
0.25619834710743805
0.8191489361702128
0.9312977099236641
0.1885714285714286
0.1885714285714286
0.7814726840855106
0.4427480916030534
0.8925619834710744
0.6204379562043796
0.1885714285714286
0.15217391304347827
0.8123515439429929
0.5423076923076924
0.8313953488372093
0.25619834710743805
0.5423076923076924
0.8123515439429929
0.8123515439429929
0.8372093023255813
0.6914893617021276
0.3385826771653543
0.8545454545454545
0.15217391304347827
0.6532066508313539
0.8343023255813954
0.8191489361702128
0.6532066508313539
0.15217391304347827
0.6133720930232558
0.8123515439429929
0.5423076923076924
0.15217391304347827
0.1885714285714286
0.3385826771653543
0.4016393442622951
0.4016393442622951
0.6133720930232558
0.8372093023255813
0.15217391304347827
0.8123515439429929
0.9192307692307692
0.7814726840855106
0.6914893617021276
0.6133720930232558
0.8837209302325582
0.15217391304347827
0.8769230769230769
0.3385826771653543
0.7653846153846153
0.8123515439429929
0.9371428571428572
0.25619834710743805
0.25619834710743805
0.3385826771653543
0.8343023255813954
0.7021276595744681
0.15217391304347827
0.9008264462809917
0.15217391304347827
0.8545454545454545
0.8313953488372093
0.6204379562043796
0.6133720930232558
0.8700787401574803
0.6133720930232558
0.8702290076335878
0.8313953488372093
0.15217391304347827
0.7814726840855106
0.6532066508313539
0.7818181818181819
0.5423076923076924
0.1885714285714286
0.15217391304347827
0.6133720930232558
0.6666666666666667
0.6532066508313539
0.8545454545454545
0.8123515439429929
0.6133720930232558
0.8524590163934427
0.9637681159420289
0.8343023255813954
0.8123515439429929
0.8123515439429929
0.8313953488372093
0.6914893617021276
0.9384057971014492
0.6532066508313539
0.6204379562043796
0.8123515439429929
0.7818181818181819
0.1885714285714286
0.8123515439429929
0.1885714285714286
0.3385826771653543
0.8852459016393442
0.9173228346456693
0.6204379562043796
0.7226277372262774
0.8313953488372093
0.8372093023255813
0.15217391304347827
0.3385826771653543
0.9312977099236641
0.851063829787234
0.5423076923076924
0.15217391304347827
0.1885714285714286
0.15217391304347827
0.8545454545454545
0.8700787401574803
0.8372093023255813
0.15217391304347827
0.8545454545454545
0.4016393442622951
0.25619834710743805
0.6133720930232558
0.8769230769230769
0.7653846153846153
0.8424242424242424
0.15217391304347827
0.8343023255813954
0.8971428571428571
0.6532066508313539
0.7226277372262774
0.6133720930232558
0.8961538461538462
0.889763779527559
0.3385826771653543
0.6532066508313539
0.8961538461538462
0.25619834710743805
0.7818181818181819
0.4016393442622951
0.15217391304347827
0.3385826771653543
0.7653846153846153
0.3385826771653543
0.6133720930232558
0.15217391304347827
0.4016393442622951
0.6532066508313539
0.4427480916030534
0.1885714285714286
0.7814726840855106
0.1885714285714286
0.7653846153846153
0.6532066508313539
0.6666666666666667
0.15217391304347827
0.8091603053435115
0.3385826771653543
0.1885714285714286
0.9384057971014492
0.8191489361702128
0.8700787401574803
0.7226277372262774
0.7653846153846153
0.15217391304347827
0.1885714285714286
0.8343023255813954
0.6532066508313539
0.7653846153846153
0.5423076923076924
0.7818181818181819
0.25619834710743805
0.4016393442622951
0.7814726840855106
0.8769230769230769
0.8343023255813954
0.6532066508313539
0.851063829787234
0.8372093023255813
0.9406175771971497
0.8702290076335878
0.8123515439429929
0.9406175771971497
0.6133720930232558
0.7653846153846153
0.6204379562043796
0.1885714285714286
0.6532066508313539
0.1885714285714286
0.3385826771653543
0.7653846153846153
0.6532066508313539
0.4016393442622951
0.5423076923076924
0.15217391304347827
0.9173228346456693
0.8700787401574803
0.5423076923076924
0.25619834710743805
0.1885714285714286
0.7653846153846153
0.8313953488372093
0.7814726840855106
0.7818181818181819
0.6532066508313539
0.5423076923076924
0.7653846153846153
0.4016393442622951
0.8925619834710744
0.15217391304347827
0.8123515439429929
0.6133720930232558
0.8372093023255813
0.9637681159420289
0.25619834710743805
0.15217391304347827
0.7814726840855106
0.4427480916030534
0.6133720930232558
0.15217391304347827
0.3385826771653543
0.9426229508196722
0.6532066508313539
0.948905109489051
0.9173228346456693
0.7818181818181819
0.7814726840855106
0.3385826771653543
0.6204379562043796
0.5423076923076924
0.6133720930232558
0.8123515439429929
0.1885714285714286
0.7021276595744681
0.9008264462809917
0.3385826771653543
0.889763779527559
0.15217391304347827
0.7818181818181819
0.3385826771653543
0.7814726840855106
0.1885714285714286
0.8837209302325582
0.6914893617021276
0.6532066508313539
0.8852459016393442
0.8852459016393442
0.5423076923076924
0.4016393442622951
0.15217391304347827
0.8545454545454545
0.4016393442622951
0.9746376811594203
0.3385826771653543
0.9192307692307692
0.9180327868852459
0.5423076923076924
0.6133720930232558
0.8424242424242424
0.9828571428571429
0.4016393442622951
0.7814726840855106
0.9180327868852459
0.8372093023255813
0.8769230769230769
0.8343023255813954
0.5423076923076924
0.8123515439429929
0.6133720930232558
0.6532066508313539
0.8123515439429929
0.8372093023255813
0.7653846153846153
0.8372093023255813
0.8123515439429929
0.6133720930232558
0.15217391304347827
0.5423076923076924
0.8700787401574803
0.8837209302325582
0.7226277372262774
0.5423076923076924
0.9192307692307692
0.15217391304347827
0.889763779527559
0.7814726840855106
0.6133720930232558
0.4427480916030534
0.8837209302325582
0.15217391304347827
0.15217391304347827
0.9173228346456693
0.6532066508313539
0.8837209302325582
0.6666666666666667
0.4016393442622951
0.8123515439429929
0.4016393442622951
0.8123515439429929
0.7653846153846153
0.1885714285714286
0.15217391304347827
0.9637681159420289
0.6914893617021276
0.8769230769230769
0.15217391304347827
0.8372093023255813
0.7226277372262774
0.4016393442622951
0.1885714285714286
0.8372093023255813
0.9371428571428572
0.4427480916030534
0.6133720930232558
0.15217391304347827
0.4427480916030534
0.15217391304347827
0.8424242424242424
0.25619834710743805
0.8837209302325582
0.3385826771653543
0.889763779527559
0.7226277372262774
0.1885714285714286
0.6133720930232558
0.4427480916030534
0.5423076923076924
0.8961538461538462
0.8837209302325582
0.8837209302325582
0.8700787401574803
0.15217391304347827
0.6666666666666667
0.8123515439429929
0.15217391304347827
0.15217391304347827
0.3385826771653543
0.1885714285714286
0.6133720930232558
0.3385826771653543
0.7226277372262774
0.15217391304347827
0.948905109489051
0.8545454545454545
0.8313953488372093
0.4016393442622951
0.6666666666666667
0.15217391304347827
0.8313953488372093
0.9192307692307692
0.4427480916030534
0.8123515439429929
0.15217391304347827
0.889763779527559
0.8971428571428571
0.4427480916030534
0.6914893617021276
0.1885714285714286
0.6532066508313539
0.8091603053435115
0.8837209302325582
0.15217391304347827
0.4016393442622951
0.889763779527559
0.8700787401574803
0.6133720930232558
0.8091603053435115
0.4016393442622951
0.6133720930232558
0.9008264462809917
0.15217391304347827
0.7021276595744681
0.15217391304347827
0.8769230769230769
0.25619834710743805
0.7814726840855106
0.4016393442622951
0.1885714285714286
0.5423076923076924
0.5423076923076924
0.4016393442622951
0.6532066508313539
0.7226277372262774
0.8123515439429929
0.8123515439429929
0.8343023255813954
0.3385826771653543
0.1885714285714286
0.4427480916030534
0.6532066508313539
0.3385826771653543
0.8123515439429929
0.6914893617021276
0.5423076923076924
0.6914893617021276
0.8123515439429929
0.8372093023255813
0.4427480916030534
0.8961538461538462
0.8313953488372093
0.6532066508313539
0.8545454545454545
0.8091603053435115
0.8123515439429929
0.8313953488372093
0.6666666666666667
0.948905109489051
0.7653846153846153
0.8091603053435115
0.8123515439429929
0.6204379562043796
0.8961538461538462
0.6532066508313539
0.8343023255813954
0.8852459016393442
0.8700787401574803
0.8769230769230769
0.1885714285714286
0.8372093023255813
0.25619834710743805
0.7814726840855106
0.8123515439429929
0.5423076923076924
0.9371428571428572
0.15217391304347827
0.7818181818181819
0.6532066508313539
0.15217391304347827
0.7653846153846153
0.9426229508196722
0.8372093023255813
0.7226277372262774
0.8961538461538462
0.25619834710743805
0.6666666666666667
0.9192307692307692
0.8313953488372093
0.5423076923076924
0.15217391304347827
0.15217391304347827
0.3385826771653543
0.9746376811594203
0.7814726840855106
0.9465648854961832
0.4427480916030534
0.25619834710743805
0.6532066508313539
0.9406175771971497
0.8700787401574803
0.3385826771653543
0.6532066508313539
0.25619834710743805
0.5423076923076924
0.25619834710743805
0.15217391304347827
0.889763779527559
0.1885714285714286
0.7226277372262774
0.9371428571428572
0.7818181818181819
0.4427480916030534
0.6133720930232558
0.8700787401574803
0.6666666666666667
0.8343023255813954
0.4427480916030534
0.9312977099236641
0.7814726840855106
0.8424242424242424
0.6133720930232558
0.9371428571428572
0.6133720930232558
0.8971428571428571
0.9746376811594203
0.9173228346456693
0.9361702127659575
0.8123515439429929
0.8191489361702128
0.7226277372262774
0.15217391304347827
0.3385826771653543
0.8424242424242424
0.6133720930232558
0.3385826771653543
0.9008264462809917
0.9312977099236641
0.889763779527559
0.15217391304347827
0.8123515439429929
0.9710144927536232
0.4016393442622951
0.8343023255813954
0.4427480916030534
0.8372093023255813
0.8837209302325582
0.3385826771653543
0.3385826771653543
0.1885714285714286
0.4427480916030534
0.4016393442622951
0.8837209302325582
0.25619834710743805
0.6532066508313539
0.8123515439429929
0.889763779527559
0.3385826771653543
0.8343023255813954
0.8123515439429929
0.6666666666666667
0.6204379562043796
0.7226277372262774
0.15217391304347827
0.7814726840855106
0.8123515439429929
0.8925619834710744
0.8961538461538462
0.15217391304347827
0.9361702127659575
0.6666666666666667
0.6133720930232558
0.3385826771653543
0.1885714285714286
0.1885714285714286
0.9465648854961832
0.15217391304347827
0.8313953488372093
0.8123515439429929
0.3385826771653543
0.8191489361702128
0.15217391304347827
0.7653846153846153
0.9192307692307692
0.25619834710743805
0.4016393442622951
0.6204379562043796
0.5423076923076924
0.8372093023255813
0.4427480916030534
0.15217391304347827
0.8123515439429929
0.1885714285714286
0.4016393442622951
0.9173228346456693
0.15217391304347827
0.5423076923076924
0.25619834710743805
0.9746376811594203
0.3385826771653543
0.8702290076335878
0.6914893617021276
0.1885714285714286
0.25619834710743805
0.8961538461538462
0.8545454545454545
0.6532066508313539
0.5423076923076924
0.3385826771653543
0.889763779527559
0.15217391304347827
0.8961538461538462
0.8424242424242424
0.9192307692307692
0.8372093023255813
0.5423076923076924
0.1885714285714286
0.6532066508313539
0.9828571428571429
0.1885714285714286
0.9637681159420289
0.7653846153846153
0.9384057971014492
0.8700787401574803
0.1885714285714286
0.8971428571428571
0.8545454545454545
0.6133720930232558
0.7653846153846153
0.15217391304347827
0.8123515439429929
0.8852459016393442
0.5423076923076924
0.25619834710743805
0.4427480916030534
0.8123515439429929
0.6133720930232558
0.15217391304347827
0.3385826771653543
0.5423076923076924
0.3385826771653543
0.8971428571428571
0.851063829787234
0.8123515439429929
0.9008264462809917
0.9384057971014492
0.6133720930232558
0.9710144927536232
0.6532066508313539
0.3385826771653543
0.8837209302325582
0.8545454545454545
0.8852459016393442
0.15217391304347827
0.8769230769230769
0.3385826771653543
0.7653846153846153
0.8372093023255813
0.7226277372262774
0.8769230769230769
0.5423076923076924
0.6532066508313539
0.9942857142857143
0.6133720930232558
0.8343023255813954
0.15217391304347827
0.6532066508313539
0.8545454545454545
0.8837209302325582
0.6666666666666667
0.9465648854961832
0.8545454545454545
0.3385826771653543
0.1885714285714286
0.7653846153846153
0.8313953488372093
0.6204379562043796
0.6532066508313539
0.1885714285714286
0.6204379562043796
0.1885714285714286
0.7226277372262774
0.8123515439429929
0.4016393442622951
0.8343023255813954
0.8123515439429929
0.6133720930232558
0.9406175771971497
0.9180327868852459
0.7814726840855106
0.6666666666666667
0.9173228346456693
0.6133720930232558
0.889763779527559
0.7814726840855106
0.5423076923076924
0.8372093023255813
0.5423076923076924
0.15217391304347827
0.15217391304347827
0.3385826771653543
0.7021276595744681
0.9192307692307692
0.5423076923076924
0.6666666666666667
0.8971428571428571
0.9426229508196722
0.7226277372262774
0.9406175771971497
0.25619834710743805
0.7814726840855106
0.889763779527559
0.1885714285714286
0.9008264462809917
0.7814726840855106
0.5423076923076924
0.8971428571428571
0.4016393442622951
0.15217391304347827
0.6133720930232558
0.8424242424242424
0.8372093023255813
0.8343023255813954
0.6204379562043796
0.6133720930232558
0.6532066508313539
0.5423076923076924
0.9752066115702479
0.8700787401574803
0.7653846153846153
0.1885714285714286
0.6133720930232558
0.6133720930232558
0.6532066508313539
0.8961538461538462
0.8961538461538462
0.7814726840855106
0.15217391304347827
0.15217391304347827
0.9710144927536232
0.8372093023255813
0.5423076923076924
0.6666666666666667
0.8545454545454545
0.6532066508313539
0.9465648854961832
0.6666666666666667
0.8123515439429929
0.6532066508313539
0.25619834710743805
0.9361702127659575
0.3385826771653543
0.7814726840855106
0.8769230769230769
0.15217391304347827
0.6133720930232558
0.8372093023255813
0.7021276595744681
0.8545454545454545
0.15217391304347827
0.5423076923076924
0.7814726840855106
0.8123515439429929
0.6532066508313539
0.7814726840855106
0.8191489361702128
0.8769230769230769
0.948905109489051
0.889763779527559
0.7814726840855106
0.6532066508313539
0.1885714285714286
0.6204379562043796
0.9192307692307692
0.15217391304347827
0.4427480916030534
0.3385826771653543
0.3385826771653543
0.7653846153846153
0.8837209302325582
0.1885714285714286
0.15217391304347827
0.6666666666666667
0.6532066508313539
0.3385826771653543
0.7653846153846153
0.6133720930232558
0.7226277372262774
0.8091603053435115
0.6532066508313539
0.25619834710743805
0.7226277372262774
0.8091603053435115
0.5423076923076924
0.8123515439429929
0.6133720930232558
0.6204379562043796
0.6204379562043796
0.3385826771653543
0.9465648854961832
0.5423076923076924
0.8545454545454545
0.5423076923076924
0.4427480916030534
0.8545454545454545
0.8123515439429929
0.8700787401574803
0.15217391304347827
0.8343023255813954
0.9384057971014492
0.6532066508313539
0.6666666666666667
0.8123515439429929
0.7226277372262774
0.3385826771653543
0.4427480916030534
0.6532066508313539
0.7226277372262774
0.6133720930232558
0.3385826771653543
0.8091603053435115
0.8123515439429929
0.25619834710743805
0.4427480916030534
0.4427480916030534
0.6532066508313539
0.25619834710743805
0.1885714285714286
0.7226277372262774
0.7814726840855106
0.7814726840855106
0.6133720930232558
0.6204379562043796
0.25619834710743805
0.8123515439429929
0.7814726840855106
0.9371428571428572
0.15217391304347827
0.6532066508313539
0.7653846153846153
0.5423076923076924
0.1885714285714286
0.15217391304347827
0.8123515439429929
0.8545454545454545
0.8313953488372093
0.3385826771653543
0.6666666666666667
0.9173228346456693
0.1885714285714286
0.7226277372262774
0.7226277372262774
0.6133720930232558
0.6204379562043796
0.8123515439429929
0.7021276595744681
0.8123515439429929
0.9361702127659575
0.1885714285714286
0.6133720930232558
0.1885714285714286
0.9752066115702479
0.7226277372262774
0.6133720930232558
0.25619834710743805
0.6133720930232558
0.8524590163934427
0.3385826771653543
0.4427480916030534
0.8852459016393442
0.7814726840855106
0.8123515439429929
0.8313953488372093
0.1885714285714286
0.8700787401574803
0.5423076923076924
0.7818181818181819
0.8123515439429929
0.7226277372262774
0.6532066508313539
0.8313953488372093
0.15217391304347827
0.6133720930232558
0.25619834710743805
0.6666666666666667
0.9406175771971497
0.8424242424242424
0.1885714285714286
0.8091603053435115
0.6532066508313539
0.15217391304347827
0.8343023255813954
0.8961538461538462
0.8123515439429929
0.15217391304347827
0.8343023255813954
0.8961538461538462
0.6532066508313539
0.7021276595744681
0.8123515439429929
0.5423076923076924
0.5423076923076924
0.8545454545454545
0.3385826771653543
0.889763779527559
0.7226277372262774
0.8343023255813954
0.8343023255813954
0.1885714285714286
0.15217391304347827
0.25619834710743805
0.5423076923076924
0.7814726840855106
0.3385826771653543
0.8372093023255813
0.3385826771653543
0.6133720930232558
0.4016393442622951
0.6914893617021276
0.1885714285714286
0.15217391304347827
0.15217391304347827
0.8123515439429929
0.8769230769230769
0.8372093023255813
0.6532066508313539
0.9361702127659575
0.8123515439429929
0.15217391304347827
0.8123515439429929
0.7814726840855106
0.6133720930232558
0.6666666666666667
0.851063829787234
0.7814726840855106
0.4427480916030534
0.5423076923076924
0.15217391304347827
0.7818181818181819
0.984251968503937
0.3385826771653543
0.3385826771653543
0.7226277372262774
0.8091603053435115
0.6133720930232558
0.4016393442622951
0.5423076923076924
0.15217391304347827
0.15217391304347827
0.8123515439429929
0.5423076923076924
0.8545454545454545
0.7021276595744681
0.3385826771653543
0.8091603053435115
0.8524590163934427
0.8313953488372093
0.4427480916030534
0.9173228346456693
0.9192307692307692
0.7653846153846153
0.3385826771653543
0.1885714285714286
0.6204379562043796
0.7814726840855106
0.15217391304347827
0.15217391304347827
0.6914893617021276
0.4016393442622951
0.15217391304347827
0.6532066508313539
0.4427480916030534
0.7653846153846153
0.1885714285714286
0.8343023255813954
0.25619834710743805
0.9008264462809917
0.3385826771653543
0.9173228346456693
0.9192307692307692
0.15217391304347827
0.4427480916030534
0.15217391304347827
0.15217391304347827
0.889763779527559
0.8091603053435115
0.9180327868852459
0.3385826771653543
0.8343023255813954
0.8191489361702128
0.15217391304347827
0.6532066508313539
0.7653846153846153
0.1885714285714286
0.8925619834710744
0.4427480916030534
0.8700787401574803
0.9173228346456693
0.8837209302325582
0.7818181818181819
0.4427480916030534
0.6204379562043796
0.4016393442622951
0.9173228346456693
0.9384057971014492
0.8313953488372093
0.7818181818181819
0.5423076923076924
0.8769230769230769
0.3385826771653543
0.8091603053435115
0.7653846153846153
0.4427480916030534
0.3385826771653543
0.6914893617021276
0.8313953488372093
0.15217391304347827
0.8545454545454545
0.8123515439429929
0.8837209302325582
0.4016393442622951
0.3385826771653543
0.6666666666666667
0.8769230769230769
0.6133720930232558
0.8191489361702128
0.15217391304347827
0.8372093023255813
0.15217391304347827
0.3385826771653543
0.7814726840855106
0.6914893617021276
0.7814726840855106
0.8123515439429929
0.8123515439429929
0.15217391304347827
0.7021276595744681
0.15217391304347827
0.25619834710743805
0.1885714285714286
0.6666666666666667
0.25619834710743805
0.7814726840855106
0.15217391304347827
0.8769230769230769
0.5423076923076924
0.8313953488372093
0.3385826771653543
0.7226277372262774
0.7814726840855106
0.6133720930232558
0.8091603053435115
0.8123515439429929
0.8837209302325582
0.1885714285714286
0.4427480916030534
0.7226277372262774
0.8123515439429929
0.6532066508313539
0.6532066508313539
0.1885714285714286
0.8971428571428571
0.25619834710743805
0.7653846153846153
0.25619834710743805
0.6532066508313539
0.6532066508313539
0.1885714285714286
0.15217391304347827
0.1885714285714286
0.7818181818181819
0.8123515439429929
0.25619834710743805
0.5423076923076924
0.7226277372262774
0.25619834710743805
0.15217391304347827
0.9746376811594203
0.15217391304347827
0.1885714285714286
0.7814726840855106
0.8123515439429929
0.9384057971014492
0.4427480916030534
0.4016393442622951
0.8191489361702128
0.3385826771653543
0.6532066508313539
0.1885714285714286
0.8545454545454545
0.8343023255813954
0.4016393442622951
0.7226277372262774
0.7814726840855106
0.7814726840855106
0.7226277372262774
0.7226277372262774
0.6532066508313539
0.7653846153846153
0.1885714285714286
0.6204379562043796
0.6133720930232558
0.15217391304347827
0.4016393442622951
0.4427480916030534
0.5423076923076924
0.15217391304347827
0.6532066508313539
0.7818181818181819
0.8123515439429929
0.6666666666666667
0.7814726840855106
0.889763779527559
0.8372093023255813
0.4427480916030534
0.6532066508313539
0.15217391304347827
0.7818181818181819
0.8524590163934427
0.8769230769230769
0.8837209302325582
0.7226277372262774
0.15217391304347827
0.9828571428571429
0.889763779527559
0.8343023255813954
0.6532066508313539
0.8313953488372093
0.8123515439429929
0.8545454545454545
0.5423076923076924
0.3385826771653543
0.7814726840855106
0.8343023255813954
0.15217391304347827
0.6532066508313539
0.7653846153846153
0.7226277372262774
0.8545454545454545
0.8971428571428571
0.4427480916030534
0.15217391304347827
0.8372093023255813
0.4427480916030534
0.7814726840855106
0.6532066508313539
0.3385826771653543
0.6204379562043796
0.8123515439429929
0.8971428571428571
0.6133720930232558
0.15217391304347827
0.8372093023255813
0.8524590163934427
0.3385826771653543
0.1885714285714286
0.8837209302325582
0.9008264462809917
0.1885714285714286
0.3385826771653543
0.8191489361702128
0.15217391304347827
0.3385826771653543
0.6532066508313539
0.6532066508313539
0.3385826771653543
0.9371428571428572
0.9406175771971497
0.1885714285714286
0.8837209302325582
0.4016393442622951
0.4016393442622951
0.7021276595744681
0.1885714285714286
0.7653846153846153
0.5423076923076924
0.1885714285714286
0.15217391304347827
0.6914893617021276
0.3385826771653543
0.7814726840855106
0.9384057971014492
0.8123515439429929
0.15217391304347827
0.8343023255813954
0.8343023255813954
0.8424242424242424
0.15217391304347827
0.8769230769230769
0.9384057971014492
0.8123515439429929
0.3385826771653543
0.8837209302325582
0.15217391304347827
0.4016393442622951
0.8545454545454545
0.8545454545454545
0.3385826771653543
0.7653846153846153
0.9426229508196722
0.6133720930232558
0.6532066508313539
0.3385826771653543
0.6204379562043796
0.3385826771653543
0.15217391304347827
0.4016393442622951
0.1885714285714286
0.9312977099236641
0.6133720930232558
0.7814726840855106
0.8343023255813954
0.1885714285714286
0.8769230769230769
0.25619834710743805
0.8524590163934427
0.5423076923076924
0.15217391304347827
0.8700787401574803
0.7653846153846153
0.15217391304347827
0.8343023255813954
0.8313953488372093
0.7818181818181819
0.7653846153846153
0.15217391304347827
0.4016393442622951
0.25619834710743805
0.6532066508313539
0.9710144927536232
0.7653846153846153
0.8123515439429929
0.8343023255813954
0.7226277372262774
0.1885714285714286
0.5423076923076924
0.8700787401574803
0.6914893617021276
0.8769230769230769
0.8123515439429929
0.7814726840855106
0.8123515439429929
0.851063829787234
0.1885714285714286
0.5423076923076924
0.8545454545454545
0.6532066508313539
0.7818181818181819
0.6133720930232558
0.15217391304347827
0.15217391304347827
0.6666666666666667
0.5423076923076924
0.7226277372262774
0.8545454545454545
0.8123515439429929
0.7226277372262774
0.6204379562043796
0.7818181818181819
0.4016393442622951
0.8852459016393442
0.4016393442622951
0.5423076923076924
0.9180327868852459
0.6914893617021276
0.7021276595744681
0.8961538461538462
0.8123515439429929
0.6133720930232558
0.8837209302325582
0.25619834710743805
0.8343023255813954
0.1885714285714286
0.8191489361702128
0.6133720930232558
0.8524590163934427
0.3385826771653543
0.15217391304347827
0.15217391304347827
0.5423076923076924
0.7021276595744681
0.7818181818181819
0.3385826771653543
0.9406175771971497
0.4016393442622951
0.1885714285714286
0.4427480916030534
0.7814726840855106
0.8700787401574803
0.8837209302325582
0.8313953488372093
0.15217391304347827
0.8191489361702128
0.6532066508313539
0.5423076923076924
0.6133720930232558
0.8313953488372093
0.3385826771653543
0.7653846153846153
0.7226277372262774
0.7814726840855106
0.6532066508313539
0.8702290076335878
0.851063829787234
0.15217391304347827
0.15217391304347827
0.7818181818181819
0.6133720930232558
0.7814726840855106
0.6133720930232558
0.15217391304347827
0.7814726840855106
0.7814726840855106
0.15217391304347827
0.7653846153846153
0.6532066508313539
0.3385826771653543
0.6133720930232558
0.5423076923076924
0.15217391304347827
0.6133720930232558
0.889763779527559
0.3385826771653543
0.6133720930232558
0.15217391304347827
0.9008264462809917
0.3385826771653543
0.7226277372262774
0.15217391304347827
0.8769230769230769
0.6532066508313539
0.8961538461538462
0.6133720930232558
0.25619834710743805
0.851063829787234
0.8123515439429929
0.8313953488372093
0.7814726840855106
0.6133720930232558
0.6204379562043796
0.889763779527559
0.9312977099236641
0.7814726840855106
0.5423076923076924
0.8091603053435115
0.15217391304347827
0.8123515439429929
0.6133720930232558
0.8313953488372093
0.25619834710743805
0.4016393442622951
0.8837209302325582
0.4427480916030534
0.6133720930232558
0.3385826771653543
0.6532066508313539
0.8343023255813954
0.15217391304347827
0.15217391304347827
0.8769230769230769
0.8925619834710744
0.8424242424242424
0.25619834710743805
0.7818181818181819
0.8372093023255813
0.25619834710743805
0.6133720930232558
0.3385826771653543
0.6914893617021276
0.9384057971014492
0.7814726840855106
0.6532066508313539
0.3385826771653543
0.8545454545454545
0.15217391304347827
0.15217391304347827
0.8545454545454545
0.8343023255813954
0.8424242424242424
0.6532066508313539
0.7021276595744681
0.3385826771653543
0.8123515439429929
0.7653846153846153
0.8700787401574803
0.3385826771653543
0.7818181818181819
0.6532066508313539
0.948905109489051
0.15217391304347827
0.15217391304347827
0.9173228346456693
0.6532066508313539
0.8961538461538462
0.8702290076335878
0.9008264462809917
0.7653846153846153
0.9854014598540146
0.6666666666666667
0.7814726840855106
0.3385826771653543
0.889763779527559
0.15217391304347827
0.3385826771653543
0.5423076923076924
0.7814726840855106
0.8837209302325582
0.7226277372262774
0.8852459016393442
0.6666666666666667
0.15217391304347827
0.1885714285714286
0.8702290076335878
0.15217391304347827
0.7021276595744681
0.3385826771653543
0.5423076923076924
0.8545454545454545
0.8123515439429929
0.3385826771653543
0.8545454545454545
0.4016393442622951
0.15217391304347827
0.6204379562043796
0.4427480916030534
0.1885714285714286
0.7226277372262774
0.8524590163934427
0.4427480916030534
0.9426229508196722
0.9710144927536232
0.8313953488372093
0.8971428571428571
0.9173228346456693
0.6532066508313539
0.3385826771653543
0.8372093023255813
0.8191489361702128
0.8769230769230769
0.25619834710743805
0.1885714285714286
0.8123515439429929
0.8313953488372093
0.8372093023255813
0.8971428571428571
0.4427480916030534
0.7226277372262774
0.7814726840855106
0.6914893617021276
0.7814726840855106
0.15217391304347827
0.9192307692307692
0.851063829787234
0.8123515439429929
0.8961538461538462
0.6532066508313539
0.8702290076335878
0.8372093023255813
0.8343023255813954
0.7226277372262774
0.5423076923076924
0.8343023255813954
0.8123515439429929
0.15217391304347827
0.8313953488372093
0.8343023255813954
0.15217391304347827
0.6204379562043796
0.8545454545454545
0.8123515439429929
0.6204379562043796
0.6204379562043796
0.1885714285714286
0.6666666666666667
0.7814726840855106
0.8313953488372093
0.6133720930232558
0.1885714285714286
0.6133720930232558
0.6666666666666667
0.6204379562043796
0.7814726840855106
0.1885714285714286
0.6204379562043796
0.3385826771653543
0.9384057971014492
0.7814726840855106
0.8123515439429929
0.6133720930232558
0.8961538461538462
0.1885714285714286
0.8961538461538462
0.4016393442622951
0.6532066508313539
0.15217391304347827
0.1885714285714286
0.3385826771653543
0.7814726840855106
0.6204379562043796
0.6204379562043796
0.8191489361702128
0.6204379562043796
0.8961538461538462
0.15217391304347827
0.15217391304347827
0.25619834710743805
0.8091603053435115
0.3385826771653543
0.7814726840855106
0.8313953488372093
0.3385826771653543
0.15217391304347827
0.4427480916030534
0.25619834710743805
0.9008264462809917
0.8123515439429929
0.3385826771653543
0.1885714285714286
0.851063829787234
0.9192307692307692
0.8700787401574803
0.7226277372262774
0.8123515439429929
0.1885714285714286
0.9746376811594203
0.25619834710743805
0.8424242424242424
0.7814726840855106
0.15217391304347827
0.3385826771653543
0.8424242424242424
0.6133720930232558
0.6666666666666667
0.3385826771653543
0.6133720930232558
0.8343023255813954
0.4427480916030534
0.6914893617021276
0.5423076923076924
0.6532066508313539
0.4016393442622951
0.8372093023255813
0.8343023255813954
0.9361702127659575
0.25619834710743805
0.6204379562043796
0.5423076923076924
0.1885714285714286
0.6133720930232558
0.8123515439429929
0.6666666666666667
0.7653846153846153
0.9192307692307692
0.6532066508313539
0.7814726840855106
0.8091603053435115
0.6204379562043796
0.8091603053435115
0.8123515439429929
0.8925619834710744
0.4427480916030534
0.8313953488372093
0.9192307692307692
0.1885714285714286
0.9406175771971497
0.7814726840855106
0.6532066508313539
0.8343023255813954
0.6133720930232558
0.9637681159420289
0.8313953488372093
0.8191489361702128
0.9008264462809917
0.5423076923076924
0.8702290076335878
0.8702290076335878
0.851063829787234
0.7653846153846153
0.5423076923076924
0.7226277372262774
0.25619834710743805
0.6666666666666667
0.3385826771653543
0.8123515439429929
0.3385826771653543
0.9637681159420289
0.8524590163934427
0.9406175771971497
0.9406175771971497
0.3385826771653543
0.7818181818181819
0.6133720930232558
0.889763779527559
0.6204379562043796
0.8702290076335878
0.851063829787234
0.8343023255813954
0.6204379562043796
0.8524590163934427
0.851063829787234
0.4016393442622951
0.8372093023255813
0.8545454545454545
0.4427480916030534
0.8123515439429929
0.6133720930232558
0.7653846153846153
0.6666666666666667
0.984251968503937
0.25619834710743805
0.6133720930232558
0.6133720930232558
0.8123515439429929
0.3385826771653543
0.15217391304347827
0.9406175771971497
0.8852459016393442
0.6204379562043796
0.8424242424242424
0.5423076923076924
0.25619834710743805
0.8702290076335878
0.9173228346456693
0.6133720930232558
0.1885714285714286
0.15217391304347827
0.1885714285714286
0.6133720930232558
0.8123515439429929
0.8091603053435115
0.25619834710743805
0.3385826771653543
0.6133720930232558
0.3385826771653543
0.4016393442622951
0.6204379562043796
0.6532066508313539
0.6532066508313539
0.8123515439429929
0.8123515439429929
0.7021276595744681
0.5423076923076924
0.3385826771653543
0.1885714285714286
0.15217391304347827
0.4427480916030534
0.15217391304347827
0.1885714285714286
0.4016393442622951
0.8343023255813954
0.7653846153846153
0.25619834710743805
0.25619834710743805
0.7021276595744681
0.9384057971014492
0.6666666666666667
0.3385826771653543
0.1885714285714286
0.3385826771653543
0.8343023255813954
0.15217391304347827
0.15217391304347827
0.7653846153846153
0.7814726840855106
0.3385826771653543
0.6532066508313539
0.6666666666666667
0.889763779527559
0.9371428571428572
0.8961538461538462
0.7226277372262774
0.8524590163934427
0.6204379562043796
0.6532066508313539
0.5423076923076924
0.6204379562043796
0.6532066508313539
0.8837209302325582
0.9173228346456693
0.9173228346456693
0.3385826771653543
0.6532066508313539
0.5423076923076924
0.1885714285714286
0.15217391304347827
0.4016393442622951
0.8091603053435115
0.6133720930232558
0.3385826771653543
0.8313953488372093
0.6914893617021276
0.8424242424242424
0.1885714285714286
0.8524590163934427
0.8961538461538462
0.6666666666666667
0.9384057971014492
0.8769230769230769
0.1885714285714286
0.15217391304347827
0.8700787401574803
0.4016393442622951
0.25619834710743805
0.7021276595744681
0.7226277372262774
0.8837209302325582
0.7653846153846153
0.8769230769230769
0.6204379562043796
0.7814726840855106
0.7226277372262774
0.3385826771653543
0.6532066508313539
0.1885714285714286
0.15217391304347827
0.8961538461538462
0.5423076923076924
0.8343023255813954
0.1885714285714286
0.6914893617021276
0.7818181818181819
0.7818181818181819
0.25619834710743805
0.5423076923076924
0.8702290076335878
0.9192307692307692
0.6666666666666667
0.8700787401574803
0.5423076923076924
0.15217391304347827
0.6204379562043796
0.8091603053435115
0.25619834710743805
0.6133720930232558
0.5423076923076924
0.8123515439429929
0.8372093023255813
0.6133720930232558
0.8123515439429929
0.15217391304347827
0.6133720930232558
0.6914893617021276
0.25619834710743805
0.15217391304347827
0.8837209302325582
0.8313953488372093
0.7653846153846153
0.15217391304347827
0.7653846153846153
0.4016393442622951
0.4016393442622951
0.8343023255813954
0.1885714285714286
0.4427480916030534
0.3385826771653543
0.4427480916030534
0.3385826771653543
0.6532066508313539
0.6532066508313539
