1060
1335
248
653
1935
987
44
1126
2073
2387
446
1540
767
1312
1011
1114
774
2201
2404
307
1915
1109
2333
1854
1690
726
390
902
70
2264
1867
1726
1573
364
2423
1864
267
730
1417
2254
1465
879
92
1010
1
2111
934
835
2005
1203
964
2076
1485
456
2150
1092
631
528
1115
1118
1036
1499
1998
388
1734
1095
1934
1237
1423
31
982
884
359
2031
486
2460
1541
2354
1039
413
825
482
560
151
2395
411
1476
1833
952
2161
2415
2165
1769
2095
252
1262
597
1957
977
204
562
402
1655
938
2381
2134
1501
1783
547
1793
1136
2252
1245
1683
1587
63
2131
1781
760
1619
2250
1677
634
455
2451
2457
1698
1475
662
1531
2338
2067
1407
292
911
595
1073
2117
37
1176
1936
2263
1340
1905
1385
2327
2496
404
473
877
2026
1314
212
1837
1642
2310
55
2251
206
506
1601
1987
1778
1289
83
2358
2239
687
1452
168
651
763
795
1672
91
1250
956
5
2330
1373
1446
158
2012
3
559
646
574
1012
2295
150
182
2019
981
1629
345
1909
1871
876
1564
107
2148
707
2470
640
1117
2296
2097
960
1186
2202
2171
672
518
199
1836
1611
2206
1761
120
1120
1624
554
1106
695
217
805
207
832
624
1235
1448
813
1616
2449
895
1230
1492
163
1172
1319
2375
498
2212
887
2172
510
1305
724
2255
2195
1272
2406
347
1181
833
2497
946
68
1688
1102
1702
1988
557
2108
2163
2261
295
360
1534
2228
1939
2070
1252
354
2299
1311
1632
890
898
230
718
2335
500
1511
897
271
1661
2213
391
1163
1574
2288
1056
1669
2080
2385
1164
1539
829
1473
2408
2418
84
1991
1700
1401
806
1399
321
9
1779
1920
368
2187
1075
1784
346
1290
975
1453
1016
630
1557
869
1588
1363
1007
1791
1451
808
1801
529
23
1851
1743
544
1382
1048
538
997
581
1150
1139
42
2124
2417
2410
552
905
534
2183
2096
2456
2403
2122
1369
1122
1160
1797
64
1666
543
2348
220
1892
710
16
784
928
43
650
1167
1308
736
2440
656
1226
1764
576
2317
1157
315
236
2495
396
2339
2016
2038
7
1113
1894
1430
1191
1767
665
932
1182
1913
889
429
1636
1014
395
189
1431
2247
2057
1556
1873
762
548
1045
991
316
2480
598
1721
2398
942
1999
1980
589
935
98
425
1643
1923
447
558
2039
609
1107
584
1093
373
1976
2158
1491
2235
1384
675
1597
135
1780
1840
541
2137
933
1947
1306
2286
121
1907
2028
1641
1460
171
1161
737
1708
2337
1216
2412
1772
1971
269
432
1900
1739
1826
2046
2200
779
1519
515
989
2197
305
673
2061
622
255
409
861
1685
1255
2345
777
520
1707
1221
1265
1196
1458
1528
1684
376
826
2048
1469
1065
2285
2010
2431
218
319
1026
1323
2473
1788
448
917
1805
312
1911
1887
231
1394
830
1949
2297
215
1495
2367
1116
1878
2054
117
1434
792
234
288
2034
1419
1004
1968
191
1623
488
2063
1671
549
1673
178
2185
2390
2420
366
2444
1209
886
1961
507
1898
1267
1737
2232
2469
561
819
2245
702
1177
553
550
1762
930
18
2425
1877
2268
2033
2411
1445
1965
2145
1411
1728
2243
1179
1559
389
1902
913
750
1261
414
2281
1932
2125
291
565
659
228
1508
1572
1416
1018
983
33
864
2064
1350
2044
1620
745
2036
1548
1358
2074
2109
52
102
714
994
642
1076
342
901
526
1152
2305
1924
1663
453
1715
365
1926
2290
2350
1487
1192
519
893
2353
972
103
313
153
2079
470
1151
878
771
170
410
729
824
1189
21
683
2198
1468
1132
2174
1251
2257
1361
1865
302
744
1576
2482
509
145
555
1745
1013
723
1886
705
2434
2244
422
2282
53
333
1811
1806
1903
2331
2342
1929
2142
1563
899
1388
1997
2276
355
479
1353
266
1730
1068
2429
1287
948
2356
2266
485
1033
882
1941
2003
1985
2344
2373
1316
1825
2452
1110
1816
2023
649
1067
1497
583
2489
1134
2316
1206
1346
1405
1989
1850
296
2009
165
579
2029
186
689
184
336
647
1532
452
1794
1090
2490
1977
1995
1415
1428
2001
1025
445
1959
449
896
626
1197
1820
700
1105
427
980
625
340
1017
1551
1461
1393
733
114
1130
1950
587
2056
326
2441
2082
769
591
2370
2476
2112
2322
1024
644
2486
1996
743
143
430
2278
1694
1246
1770
919
66
2126
781
1586
812
90
2453
227
40
437
865
1037
1560
465
2043
2400
1404
2300
2210
2089
2207
748
837
1474
59
680
1127
1057
582
2113
1015
1050
556
301
1776
1798
734
464
1494
375
985
971
2248
721
1368
666
1082
699
1861
923
26
1635
571
1080
1078
999
2347
863
1069
951
1940
1320
1153
1212
727
820
47
2346
1020
1981
2139
1091
949
754
1554
1310
852
789
2167
1993
2256
460
1144
2011
572
1874
198
968
1889
1083
1608
1140
585
241
637
1659
799
868
1848
2136
2015
1218
1496
454
1079
2040
62
314
200
352
1699
1268
2447
2319
2402
1362
2027
2377
1992
1536
1270
49
1856
1352
1687
6
2007
1336
1241
309
224
1880
910
2059
2433
439
523
841
578
1516
2014
214
703
1709
570
77
1646
610
1899
892
2487
1194
1042
1831
2233
132
1275
2459
2426
2041
2371
1607
2419
688
201
69
1054
2224
2384
1456
974
937
1722
1975
996
2071
1979
1498
2479
311
1147
1081
196
259
1003
623
2485
907
2430
1227
611
2378
588
1392
2230
471
1549
2173
1500
2437
2428
1697
1344
1211
281
962
1843
358
1484
2188
71
2160
1812
1738
1034
1627
2477
96
1606
286
1912
708
814
1375
1240
2292
232
2164
692
2101
1208
2249
462
277
2199
1973
1930
2304
363
1716
1084
1653
249
2396
614
790
850
804
408
1443
1462
79
678
1667
1768
440
1568
229
374
1844
2155
1763
167
113
472
142
963
303
155
2307
567
1349
915
2216
28
1953
1248
1297
130
1022
2368
663
1296
1286
704
1830
261
1229
1712
262
950
343
1365
513
739
27
350
2225
1288
521
219
2078
1943
2386
2006
542
1741
1651
0
1774
766
992
722
639
1520
2037
540
810
2450
2474
1605
1328
2147
22
1266
353
484
586
973
1962
731
1467
1645
2086
1213
2022
599
1758
752
131
958
720
46
86
1967
32
1883
481
421
1108
1882
279
669
1449
108
1220
920
1169
1682
778
793
1736
786
13
2421
1123
438
1154
78
397
1815
2363
1984
2013
1101
1942
2388
1099
1799
56
2372
2287
1803
180
483
1322
1901
276
616
4
1009
306
387
1298
620
577
323
831
698
1890
1104
628
2128
383
782
2140
691
1647
1321
240
2121
1471
1421
493
978
351
475
415
525
755
1766
1089
1386
2052
1644
15
941
1785
1535
2494
406
1701
1302
1553
494
2000
2106
1960
1814
1088
1638
2240
954
1544
386
1001
1280
821
1952
1652
2152
1729
1529
331
1249
2379
2389
1472
2058
2328
2242
1225
846
1279
502
1254
2178
1383
1675
2238
213
297
1133
732
607
2169
1752
602
67
110
1000
2004
1187
1513
1210
2303
1875
2313
1239
1205
1577
2318
2030
817
476
1972
381
2236
124
1435
94
761
1330
444
2138
2458
1041
2133
605
621
1571
177
1488
965
380
1086
1594
1665
775
72
122
339
658
152
1860
606
119
840
1046
1040
1686
478
1413
1518
1724
855
2427
1589
239
670
1228
844
1332
2081
318
1493
1367
1817
1866
2306
2488
1234
1398
1691
144
1433
1990
906
1869
1506
467
2289
1053
759
719
480
2231
1293
1044
1410
772
1631
1059
1828
433
256
2383
1387
2365
600
1277
372
1846
2413
1408
1747
105
618
1719
661
2132
1502
1802
197
1425
1432
770
2343
1717
834
871
2461
1720
2468
1486
417
2168
147
1522
2481
608
1855
203
1756
1542
2143
1489
1466
2462
1438
681
265
164
1464
751
435
1842
2047
2443
757
1970
1613
1380
1732
966
1612
1313
1397
1510
136
1183
847
1178
1543
1839
2227
828
947
1256
1379
181
278
254
1047
1162
2018
2279
504
378
2237
1689
939
1032
1570
2099
14
1038
1845
1426
1582
1481
594
709
1253
36
1609
627
842
1159
1550
1198
2407
1750
1444
959
641
629
1051
900
785
822
816
2478
112
955
412
677
2267
1055
2361
156
874
2320
2204
1029
1753
1614
1664
1956
1119
2220
1027
300
522
1292
1156
185
957
1537
1351
1841
1184
1748
914
2323
796
173
179
97
1879
1325
685
111
851
1359
2051
1946
466
1480
299
596
268
1028
2192
1795
1757
787
1714
139
468
2094
1917
1593
1242
137
1482
420
1581
885
1599
1680
161
2214
1429
247
2325
859
870
226
176
127
1307
2123
1740
735
1744
101
1800
426
1602
1713
89
580
1334
477
490
275
1650
398
348
1885
1111
1021
30
1199
1142
1578
1274
1103
2253
81
2349
1727
341
1824
1264
125
1315
2118
1402
1517
1639
1278
403
838
2326
61
601
1897
2182
2156
815
603
233
776
115
2442
617
1872
1628
1168
2259
1931
270
660
1436
416
223
908
160
1483
849
1185
1658
1746
1331
2017
19
128
2176
564
344
1219
1291
1579
1505
1008
2498
423
2312
740
1966
1276
798
1427
1630
1925
80
221
725
1832
1592
635
194
133
385
791
1174
1356
1377
853
613
636
2401
604
237
1521
140
1409
2366
717
924
474
424
154
205
546
2049
1374
1523
783
290
2226
1881
95
75
1963
2274
921
858
501
298
2154
2042
1354
1546
2301
436
2157
1284
25
590
615
327
1372
216
349
1146
2269
2436
632
1696
2115
293
1640
1406
1143
2351
1914
1633
593
1704
1527
320
1043
1077
551
379
1853
2196
2053
382
317
1919
469
904
1439
1035
1145
1190
1450
883
2438
24
280
308
2414
926
1813
2334
1810
1440
332
1478
172
1922
487
1345
1087
1725
1695
1733
2024
993
418
1214
1403
1258
2159
2066
1463
1131
794
116
1096
2321
765
1188
399
188
29
657
50
209
325
2439
2120
458
619
747
976
85
1945
505
2360
2397
970
1333
1596
711
419
73
118
880
1128
827
2170
667
244
1603
638
1567
845
1617
2284
461
106
1600
1648
2146
803
2246
2098
575
2153
1244
664
1595
82
141
780
51
1422
836
2116
1175
1271
1124
1804
1823
1937
1327
1166
457
60
848
159
324
183
612
238
57
2273
1994
1236
1339
1809
1243
1299
1171
2355
1447
1751
11
1951
2021
862
1281
2151
1876
945
99
2336
1509
1395
1343
1857
2324
2499
2093
922
1822
2219
225
1515
2102
1615
995
491
753
1141
260
643
451
289
272
1891
2332
918
1165
1637
1304
1326
1978
253
1317
1479
535
1847
1928
1731
1490
2088
2069
1337
1561
2062
1625
2119
881
929
1711
1201
979
1692
2492
1098
104
940
512
38
2084
1058
1792
2218
2260
668
2020
202
2465
1807
93
2467
988
1895
1390
2234
925
1454
1066
2359
1366
1678
282
2280
2341
1295
459
1927
2135
1777
1030
1870
1583
768
1062
2083
1693
1207
1424
2409
2422
860
1782
1819
1129
1585
690
1071
1706
818
1818
686
1591
746
2203
2162
285
2265
1459
1676
2311
1338
944
1533
1357
894
1786
1590
655
936
1906
463
961
694
1859
123
1524
697
516
715
1668
1063
328
407
1982
258
2181
146
2466
701
773
294
361
891
875
1955
2405
1821
310
2455
654
210
74
428
1173
633
912
1771
2068
2277
713
503
2329
1049
2110
696
823
2463
1100
909
537
400
1294
749
856
371
2217
2445
674
531
2380
1389
1858
2114
1023
756
2065
126
1072
2130
1052
2399
1217
1679
2105
568
1400
20
969
148
2298
2424
1703
1204
1504
48
12
573
1933
1921
652
998
2393
682
2211
1555
1742
1958
450
1526
1381
45
1412
442
1470
1983
1868
986
362
2104
1566
1507
1755
788
87
2189
1149
1787
1558
39
337
2432
1796
129
1773
1031
563
2205
208
539
242
195
2262
1002
1259
1477
1378
10
1530
1019
2149
2308
2364
393
1180
764
511
334
1324
1396
193
2376
434
931
2090
2446
2103
1759
800
2392
811
2221
2454
1341
1604
88
2055
1061
1621
888
2315
1808
524
1834
648
2448
536
2085
1309
1674
1193
2493
1547
1347
1006
2092
34
508
1634
1224
338
2191
1904
162
1849
1223
532
1735
545
357
2002
2050
1158
2309
967
384
2144
243
287
854
2275
514
2177
263
1863
1626
2175
304
2271
1097
1948
1862
335
2374
1884
1954
2025
1376
671
41
1622
2208
149
530
1710
2293
370
569
175
990
706
2222
192
1654
1618
2475
211
1329
1200
367
1005
2129
566
1790
1231
1342
1300
2
1656
1442
1094
2087
2075
2091
169
1125
1064
109
1503
1723
134
1070
1765
1195
742
157
1584
2483
1170
1749
1414
872
2045
392
2166
1301
1148
496
2416
2435
2302
1565
758
527
1121
65
1391
1775
1662
1944
1827
2272
1222
495
1969
797
1754
1232
676
257
807
873
1580
1155
1257
1233
592
1269
35
2352
264
245
1138
953
857
2394
843
499
1974
2229
927
984
738
716
2471
1112
693
1202
1896
2294
1916
2032
2340
1852
190
1789
54
431
1829
1964
1562
2035
329
1908
283
1910
2127
1718
517
2107
1348
8
1441
1649
2060
1552
1670
330
802
246
867
1260
1938
1514
1538
100
1318
809
497
1610
2491
1838
377
1283
1681
1420
251
2314
1282
903
2291
684
2369
187
222
443
1355
401
489
394
138
1598
2179
533
1575
2270
1263
1238
356
1760
2223
2194
728
2072
2100
2141
679
2186
839
1918
1893
1370
916
1525
1215
405
1512
1835
369
1418
1285
943
2382
2215
1660
2209
76
322
801
2472
2283
866
1457
2357
2193
492
166
2241
1135
2184
2362
284
174
1545
273
1137
1360
1273
1247
274
1986
1657
645
2391
2077
2008
712
1569
741
2484
1437
441
2190
1085
235
2180
250
1371
1705
2258
17
1074
58
1455
1888
1303
2464
1364
