2474
2479
2390
2495
2486
2473
2461
2104
2492
2471
2459
2453
2026
2476
2468
2455
2452
1689
2475
2416
2433
2450
1613
2470
2393
2425
2447
1485
2467
2389
2419
2436
1481
2466
2387
2413
2434
1300
2464
2382
2363
2432
1245
2460
2381
2338
2423
1179
2456
2359
2325
2421
1118
2438
2356
2311
2405
1065
2430
2352
2309
2394
1028
2420
2350
2289
2391
926
2417
2349
2288
2379
877
2406
2341
2281
2372
729
2398
2324
2273
2366
589
2395
2314
2258
2360
579
2373
2312
2257
2357
520
2353
2279
2236
2347
203
2351
2274
2234
2345
2490
2340
2253
2229
2315
2489
2337
2251
2209
2306
2484
2335
2239
2196
2302
2483
2327
2235
2193
2299
2481
2323
2232
2190
2295
2465
2320
2207
2174
2290
2463
2284
2203
2147
2285
2462
2280
2202
2122
2269
2458
2231
2200
2119
2268
2446
2228
2199
2075
2255
2445
2218
2182
2027
2252
2444
2213
2170
2015
2250
2442
2205
2158
1994
2246
2418
2176
2143
1976
2243
2410
2159
2136
1972
2226
2404
2146
2128
1970
2219
2386
2108
2123
1945
2194
2376
2092
2117
1938
2177
2374
2083
2116
1924
2161
2369
2080
2114
1906
2153
2361
2076
2088
1883
2152
2358
2068
2087
1882
2150
2348
2066
2078
1875
2140
2346
2064
2065
1854
2137
2333
2060
2063
1850
2135
2329
2053
2061
1848
2130
2326
2049
2043
1827
2125
2318
2030
2034
1815
2118
2310
2025
2024
1808
2113
2305
2021
2003
1804
2111
2277
2007
1982
1797
2103
2275
1996
1973
1781
2100
2271
1993
1963
1769
2099
2263
1989
1961
1768
2093
2249
1988
1954
1757
2082
2245
1986
1952
1747
2077
2240
1971
1944
1732
2056
2230
1966
1940
1719
2052
2208
1959
1937
1718
2039
2197
1953
1936
1700
2031
2191
1927
1911
1698
2002
2185
1926
1908
1670
1969
2183
1923
1905
1652
1951
2178
1918
1898
1648
1943
2175
1916
1897
1629
1941
2169
1914
1895
1614
1922
2163
1913
1879
1612
1915
2145
1912
1876
1605
1909
2138
1902
1869
1603
1903
2129
1896
1868
1601
1891
2124
1894
1864
1579
1880
2121
1893
1863
1578
1877
2112
1886
1857
1576
1874
2107
1885
1845
1565
1872
2106
1865
1841
1535
1862
2094
1855
1825
1526
1859
2090
1812
1822
1523
1851
2089
1806
1814
1520
1840
2084
1798
1807
1493
1837
2072
1790
1796
1465
1828
2070
1785
1764
1463
1818
2069
1778
1761
1462
1811
2062
1774
1756
1458
1803
2055
1770
1741
1453
1795
2054
1762
1737
1441
1772
2051
1755
1736
1437
1771
2044
1748
1701
1417
1767
2033
1745
1697
1401
1766
2017
1709
1687
1360
1751
2014
1705
1655
1358
1740
2010
1694
1644
1345
1735
2008
1679
1617
1333
1733
2006
1678
1615
1329
1728
2004
1640
1604
1307
1727
2000
1622
1596
1275
1703
1992
1607
1592
1248
1692
1990
1595
1580
1236
1680
1987
1589
1573
1200
1673
1977
1582
1558
1195
1672
1958
1581
1546
1176
1671
1942
1570
1531
1175
1663
1930
1568
1517
1168
1651
1919
1562
1507
1158
1649
1917
1547
1506
1148
1647
1910
1541
1500
1147
1642
1907
1540
1499
1142
1639
1890
1514
1497
1123
1620
1889
1512
1489
1122
1609
1884
1508
1488
1114
1591
1867
1503
1476
1095
1588
1860
1501
1474
1079
1572
1853
1456
1457
1062
1569
1839
1452
1446
1061
1554
1833
1425
1444
1032
1530
1824
1423
1432
1031
1525
1819
1397
1427
1025
1519
1813
1375
1407
989
1496
1805
1366
1405
982
1484
1800
1364
1402
980
1451
1794
1362
1388
979
1438
1791
1361
1387
975
1428
1783
1355
1379
958
1424
1779
1351
1378
917
1420
1776
1347
1373
910
1418
1775
1335
1348
876
1415
1746
1327
1311
870
1414
1730
1306
1293
853
1398
1729
1305
1283
842
1384
1721
1294
1273
840
1380
1720
1290
1262
830
1372
1716
1289
1257
821
1371
1713
1287
1246
800
1370
1695
1286
1213
787
1367
1693
1281
1209
785
1356
1682
1278
1207
761
1349
1675
1268
1205
732
1344
1674
1261
1198
722
1331
1668
1235
1191
711
1326
1662
1233
1184
709
1317
1658
1230
1181
666
1308
1656
1212
1180
587
1299
1654
1204
1173
582
1295
1641
1194
1159
576
1291
1637
1193
1156
541
1284
1632
1187
1154
534
1279
1630
1174
1153
505
1267
1625
1172
1138
483
1266
1606
1170
1136
456
1259
1600
1165
1121
446
1258
1599
1164
1099
413
1252
1594
1161
1091
408
1232
1590
1141
1088
407
1224
1585
1128
1067
398
1223
1575
1120
1063
384
1220
1567
1119
1049
374
1219
1566
1101
1040
354
1218
1563
1097
1035
341
1216
1560
1082
1033
340
1197
1557
1081
1013
325
1186
1556
1076
1012
313
1171
1555
1068
1010
305
1163
1550
1058
1005
281
1160
1545
1046
1002
268
1155
1544
1042
999
267
1146
1539
1022
990
266
1137
1534
1004
985
265
1135
1522
994
983
260
1131
1518
992
968
257
1126
1511
977
946
253
1109
1498
976
921
247
1103
1486
974
912
239
1098
1483
973
911
237
1093
1479
970
900
235
1092
1466
969
873
226
1089
1454
953
860
208
1066
1443
950
859
191
1048
1431
948
836
186
1038
1429
937
835
179
1026
1421
935
824
167
1024
1393
933
814
164
1015
1392
909
813
159
986
1383
895
798
154
984
1352
882
788
135
978
1341
862
780
126
971
1340
845
758
124
967
1339
819
749
123
965
1334
804
744
122
964
1325
801
731
121
962
1322
792
724
120
961
1318
779
714
119
960
1316
772
700
98
959
1315
764
694
91
957
1309
762
679
87
955
1301
755
654
84
945
1288
752
653
70
943
1285
750
648
68
941
1280
748
635
56
939
1269
747
630
51
930
1263
739
611
44
927
1260
699
602
16
919
1255
691
580
15
914
1250
690
567
906
1249
685
563
2409
901
1237
680
562
2272
861
1234
675
558
2267
851
1217
671
553
2223
839
1206
657
549
2131
832
1203
650
539
2115
825
1202
649
532
2085
816
1182
637
531
2036
811
1177
633
530
1999
810
1166
620
529
1980
805
1157
616
526
1955
793
1149
610
516
1947
786
1145
605
507
1904
778
1144
601
506
1873
774
1130
592
503
1706
737
1107
590
478
1633
736
1104
585
460
1548
713
1102
575
453
1350
707
1100
557
442
1221
702
1071
540
431
1140
688
1070
524
426
1134
678
1050
518
415
1083
677
1047
510
389
1077
676
1034
508
387
897
668
1030
499
370
807
661
1029
496
357
796
659
1023
475
350
689
658
1003
473
345
683
652
1001
469
343
674
636
981
458
335
673
613
952
454
331
641
609
947
440
328
566
606
944
439
324
519
600
932
437
312
417
597
931
432
308
365
584
907
422
295
242
581
903
419
292
236
572
898
388
286
149
564
893
386
276
138
561
885
381
273
133
556
883
371
262
107
537
881
360
255
6
536
871
359
251
2482
511
866
355
234
2454
498
858
323
225
2435
495
856
317
212
2397
494
849
296
204
2392
487
844
290
199
2336
482
838
279
196
2330
479
834
277
194
2286
476
817
248
188
2237
467
808
246
182
2217
459
806
176
177
2215
450
802
172
170
2214
448
790
162
165
2180
433
782
156
158
2166
421
746
143
151
2154
418
745
136
147
2134
405
743
118
144
2132
402
741
116
113
2041
400
738
111
112
2038
399
730
101
110
2016
397
726
79
100
1998
393
723
77
96
1962
390
721
75
95
1823
382
720
71
94
1793
380
719
57
88
1777
361
716
35
69
1760
356
703
24
60
1726
344
701
21
54
1696
334
695
8
43
1598
329
686
0
31
1516
322
682
29
2487
1490
306
669
22
2472
1477
300
663
18
2449
1400
298
644
17
2375
1374
291
643
13
2241
1337
282
639
11
2212
1238
270
631
2201
2402
1150
261
627
2151
2385
1036
259
626
2035
2342
942
228
622
2020
2244
872
221
619
2018
2227
843
213
607
2011
2188
769
210
596
1995
2167
684
206
571
1950
2164
642
197
569
1921
2032
493
190
565
1888
1978
364
183
559
1849
1871
280
171
554
1844
1717
272
161
551
1830
1653
152
157
547
1763
1395
103
148
546
1758
1394
67
146
544
1699
1297
49
142
543
1643
1277
20
140
542
1638
1169
2023
137
538
1636
1129
1480
134
533
1584
1059
1253
115
523
1583
841
1188
109
513
1574
809
1009
108
504
1561
740
756
85
492
1559
717
705
74
490
1543
662
401
62
488
1528
599
214
59
480
1472
474
2298
55
464
1460
463
2254
53
462
1447
412
2195
39
461
1434
373
1957
23
451
1422
347
1956
10
449
1377
339
1702
443
2440
1321
2300
1669
438
2187
1272
2198
1338
435
2173
1167
2091
1313
430
2120
1127
1974
1312
410
1928
1124
1967
1254
409
1901
1117
1712
1133
404
1834
1115
1542
874
395
1676
1106
1403
869
394
1495
1084
1201
789
385
1473
1051
896
577
383
1396
1027
892
535
367
1075
991
889
528
366
1037
949
773
465
363
1014
922
696
423
351
904
908
527
241
346
784
884
447
181
342
625
829
411
2498
336
615
812
2408
2485
333
608
777
2365
2478
314
545
770
2364
2431
310
509
767
2156
2344
299
497
763
2133
2291
284
436
759
2095
2276
278
321
742
2040
2270
274
48
733
1984
2248
245
46
728
1932
2162
243
708
2491
1899
2001
232
624
2488
1527
1997
229
588
2412
1524
1985
224
500
2403
1469
1920
218
491
2370
1039
1878
217
434
2319
1017
1856
216
391
2316
799
1843
205
379
2189
681
1820
200
378
2109
651
1707
193
362
2050
318
1685
192
348
1852
285
1619
189
327
1788
271
1611
185
320
1646
269
1597
169
319
1381
254
1593
163
316
1162
252
1504
160
311
1113
65
1494
155
202
1110
1487
2428
145
198
1105
1459
2210
141
178
1096
1386
2204
132
175
1052
1302
2168
128
42
934
1240
2059
127
2469
899
1225
1881
117
2377
888
1064
1866
106
2304
803
995
1610
104
2282
710
902
1265
99
2102
560
771
1264
97
2073
477
734
1112
80
1925
283
623
987
78
1738
250
501
848
76
1684
230
489
712
73
1660
153
452
2441
61
1659
2448
444
2384
47
1509
2399
416
2321
45
1276
2380
297
2293
41
1241
2362
209
2067
34
1226
2308
105
1724
33
1189
2278
82
1688
28
1056
2261
26
1521
9
972
2233
19
1440
5
645
2186
2396
1328
4
632
2127
2339
1323
2294
573
2098
2328
1256
2081
353
2022
2220
1053
2048
288
2005
1802
867
1965
63
1946
1725
831
1949
1934
1665
2283
760
1933
1900
1471
2105
693
1887
1826
1243
1183
326
1836
1821
1094
227
293
1831
1743
1054
129
2401
1787
1690
822
36
1784
1782
1621
392
2415
1715
1753
1536
220
2371
1616
1734
1461
2110
2496
1608
1683
1419
1754
2400
1532
1627
1376
1661
2266
1342
1587
1357
1549
2216
1274
1564
1320
1439
1835
925
1513
1319
1314
1759
598
1445
1196
1231
1667
570
1409
1151
1178
1505
428
1408
1080
1090
1468
414
1363
1008
1085
1467
2307
1343
996
850
1411
2256
1271
936
837
1304
2142
1086
923
727
1292
2012
1044
854
470
905
1742
963
783
180
502
928
940
725
264
2426
913
880
697
240
2313
797
875
604
114
2009
330
820
550
93
1979
301
794
512
1842
263
2181
768
420
1789
30
2047
718
403
1714
1939
2368
664
352
1635
1846
2355
660
304
1628
1634
2079
628
233
1537
1626
1838
583
219
1436
1470
1773
552
168
1324
1108
1691
515
130
1227
998
1586
466
92
1060
670
1533
425
66
594
1365
2260
315
50
568
1359
1577
90
40
377
1303
1475
89
2477
12
1247
1208
2388
1442
2429
1244
1116
1296
1139
2322
1214
954
826
1069
2157
1021
924
372
646
2097
891
765
81
586
2071
692
302
1983
2184
2297
427
201
1792
2141
1948
375
2494
1515
1991
1686
289
2334
1416
1111
1666
207
2042
1185
687
1624
131
1892
647
517
1553
38
1391
514
349
1552
1
855
37
1055
766
1435
2378
715
369
2206
1016
1786
215
358
2074
815
1353
125
2451
1723
667
951
1975
1618
486
781
2222
1801
1368
2
574
2013
1664
1332
83
2414
1968
1007
1019
27
2411
1832
775
878
1722
1132
2480
256
847
1502
929
2439
223
655
1413
864
2422
640
1078
1964
857
2224
638
988
1239
58
1780
485
868
2262
1749
1478
429
555
2149
1623
1448
332
187
2045
1006
139
231
2172
1981
754
2148
52
2139
1861
751
1491
7
1571
1829
621
629
1858
1430
1816
595
258
1464
1410
1799
457
25
956
833
1765
441
2354
795
1752
1450
307
2037
593
174
1346
238
2238
522
1847
1229
64
1809
244
1645
1041
14
1551
879
2427
1731
2317
918
735
2029
1650
2292
852
634
1810
1404
1011
211
337
1710
1152
818
1602
1199
1125
2179
102
1492
791
578
1631
2265
886
1270
2144
1704
484
1739
184
1455
591
72
1681
1251
938
472
2493
1336
1087
698
2126
2225
1045
249
548
846
2019
1143
1529
2301
916
1929
603
1354
2028
827
1369
32
1215
1750
525
1298
2457
2296
915
1677
1043
1960
706
1073
1935
966
1382
890
614
757
2367
1057
2437
521
2101
86
704
2287
481
1310
1190
275
2057
455
1000
173
1406
1433
150
997
3
1426
1228
1931
2424
2499
823
1222
376
2332
2343
2242
894
2221
2303
2160
2211
776
2171
2192
1744
2096
617
1711
1657
1242
1870
406
1708
1385
1390
1389
338
1074
865
863
1817
303
993
612
445
753
195
920
2165
656
1018
424
1399
2046
2058
2407
287
1282
1449
1210
1538
2443
1330
665
1510
222
1211
368
2497
471
2331
828
2086
2383
2264
309
887
1482
2155
672
294
468
1412
1192
618
1020
396
1072
166
2259
2247
