326
196
295
97
27
333
557
357
546
61
984
746
466
638
426
1108
1662
890
1097
451
1862
970
1494
2424
534
1897
1092
1515
1604
728
2459
1267
1749
1898
786
6
1860
2381
797
95
581
2026
2397
924
272
2227
2475
1184
481
1151
28
464
1408
529
1342
719
486
1738
966
1483
834
1795
1800
985
268
873
1329
2127
1344
1043
1362
1766
2214
1958
2437
1843
2140
2399
2044
2455
1894
2338
2431
2069
10
2091
2353
12
485
170
2271
11
18
509
402
158
114
84
674
440
310
211
421
1149
623
489
986
862
1526
1102
630
1257
1223
1845
1228
766
1394
1293
1925
1310
820
1505
1966
2317
1532
868
1650
2151
108
1540
875
2191
126
254
1618
1098
2202
201
256
1753
1378
156
241
355
1881
1416
229
399
404
1950
1676
265
530
959
2168
1761
571
651
992
2350
1903
800
689
1070
31
1919
846
760
1144
68
2093
1113
896
1231
186
2187
1157
901
1272
234
2259
1324
1175
1385
981
2269
1570
1236
1549
1025
2438
1997
1584
2210
1135
5
2032
1626
32
1680
1999
2163
1716
44
2439
2412
2223
1807
67
112
2301
9
1858
91
154
2337
132
1859
169
210
2463
331
1993
367
281
521
2160
471
388
313
536
2273
484
542
321
549
2333
488
858
407
770
2365
648
973
427
795
166
695
1517
452
889
683
819
1671
503
1014
903
864
1978
514
1017
1159
951
2052
524
1069
1204
1065
2415
654
1185
1520
1200
34
845
1191
1707
1265
89
883
1302
1833
1468
206
891
1398
1872
1476
255
931
1675
1937
1542
263
967
1733
2371
1565
384
972
1938
2394
1571
558
983
2013
2430
1579
563
1009
109
1627
113
1284
1038
398
1664
141
1301
1153
437
1710
159
1341
1163
490
1725
279
1454
1173
667
1739
284
1511
1203
720
1842
307
1537
1289
825
1915
366
1640
1325
923
1952
389
1681
1351
941
2072
516
1728
1356
1089
2101
621
1780
1393
1183
2118
626
1875
1450
1232
2178
637
1939
1463
1370
2275
880
1988
1556
1380
2304
885
1996
1648
1519
2489
902
2126
1659
1541
1117
771
2212
1727
1742
1229
995
2318
1734
2102
1374
1162
2323
1825
2123
1411
1613
2436
1884
2199
1473
1638
2445
1987
2233
1503
2068
2470
2165
2400
1512
2313
2194
157
2450
1533
218
2391
596
1563
304
2427
54
733
1705
317
293
826
80
1846
332
442
2080
171
1879
416
523
2465
328
1904
559
601
387
23
1921
844
723
597
239
2152
895
787
744
320
2172
965
1143
836
344
2219
998
1424
905
356
2408
1170
1521
945
469
2432
1297
1560
1355
591
115
1318
1772
1401
606
207
1365
2120
1757
698
246
1372
2258
2064
727
342
1609
2300
2303
809
458
1647
2357
811
65
545
1748
2363
827
99
551
1890
2382
958
173
603
2019
1034
247
59
649
2067
1052
300
87
713
2386
1118
415
107
751
2392
1241
479
120
758
2429
1250
528
155
911
124
1278
569
260
1033
136
1320
620
280
1042
183
1455
627
391
1169
243
1530
671
455
1201
497
1644
702
463
1209
616
1702
755
501
1305
692
1791
761
572
1331
737
1857
773
664
1379
782
1887
803
711
1453
963
1892
805
767
1564
1133
1931
835
853
1569
1205
1947
874
863
1594
1295
2189
919
892
1652
1376
2208
920
940
1695
1608
2226
953
975
1778
1624
2254
1001
993
1831
1786
2293
1110
1030
1849
1917
1189
1039
1
1909
1946
1457
1111
46
1977
2005
1462
1129
49
2007
2039
1568
1178
63
2045
2095
1703
1195
182
2063
2164
1770
1248
189
2283
2245
1817
1292
216
2344
2265
1853
1340
287
2346
2281
1869
1392
340
2354
2288
1933
1403
414
2421
2298
1963
1426
430
2484
2410
2015
1441
473
403
64
2016
1548
612
937
116
2096
1600
639
1020
160
2130
1787
680
1699
319
2141
1912
745
1980
353
2142
2060
748
2115
527
2161
2197
775
2452
575
2171
2229
802
582
2181
2231
824
70
583
2295
2314
856
105
655
2487
2339
860
214
656
7
2405
869
302
679
96
33
882
322
682
127
483
935
349
814
161
1090
1029
378
840
162
1239
1079
454
1000
230
1425
1138
461
1015
359
1458
1154
578
1019
365
1634
1187
708
1048
468
2180
1264
729
1176
470
2252
1338
806
1234
526
2268
1390
822
1255
580
2320
1474
841
1279
633
1562
947
14
1367
691
1598
956
22
1414
699
1611
997
42
1445
810
1730
1040
83
1492
906
1731
1060
233
1493
1100
1741
1109
303
1495
1221
1775
1240
306
1593
1299
1796
1352
314
1605
1309
1809
1373
375
1674
1332
1895
1395
386
1693
1510
1970
1427
408
1803
1553
1984
1487
439
1934
1601
2023
1518
447
2011
1692
2036
1590
493
2012
1718
2040
1595
499
2076
1721
2147
1622
520
2327
1726
2200
1632
552
2422
1767
2238
1649
579
2466
1829
2239
1690
586
2495
1834
2284
1691
598
1865
2334
277
1765
696
2037
2401
942
1788
703
2221
2440
1085
1891
705
2286
2444
1158
1969
715
2316
2464
1276
1972
839
2364
66
1308
2065
854
2375
122
1409
2075
865
251
1488
2079
269
904
299
1759
2097
599
909
370
1776
2188
681
914
532
1926
2251
690
916
564
2071
2263
1013
921
673
2341
1119
930
13
789
2447
1254
946
25
823
21
1443
969
37
1220
35
1612
976
52
1225
88
1633
991
78
1423
102
1808
1023
79
1498
104
1850
1047
82
1535
164
1976
1074
100
1551
168
2027
1075
198
1653
194
2107
1088
220
1667
203
2280
1139
276
1893
228
2315
1161
315
1983
245
2426
1172
409
2112
267
71
1208
422
2169
323
149
1226
428
2204
334
191
1282
431
2352
354
235
1368
474
2366
392
316
1384
517
2423
513
348
1412
522
264
584
362
1459
568
296
645
374
1489
607
347
678
423
1504
610
411
740
424
1684
624
859
742
438
1814
652
1266
808
467
1836
765
1464
838
543
1868
908
1536
926
567
1880
912
1694
938
794
1941
1002
1743
955
842
1955
1006
2054
994
849
1964
1046
2403
1080
855
2035
1061
2473
1136
876
2058
1072
1179
0
1050
2109
1082
1182
2
1083
2234
1086
1217
29
1137
2307
1152
1242
55
1174
2378
1202
1283
57
1224
2379
1216
1485
119
1237
2380
1230
1507
138
1269
2413
1263
1539
139
1363
2419
1312
1575
146
1430
2461
1382
1606
151
1452
2490
1397
1637
174
1465
1428
20
1654
181
1509
1429
30
1698
199
1531
1432
56
1729
213
1552
1436
69
1769
225
1615
1440
117
1856
346
1677
1449
125
1861
350
1682
1472
133
1870
435
1708
1500
142
1871
446
1720
1588
147
1899
475
1752
1596
148
1981
492
1764
1621
208
1992
510
1810
1623
222
2002
531
1821
1635
232
2020
538
1828
1643
236
2048
647
1863
1646
238
2057
665
1940
1715
288
2061
712
2038
1740
325
2070
726
2078
1747
327
2113
735
2139
1771
390
2135
743
2148
1851
396
2145
878
2149
1901
417
2170
879
2195
1922
450
2192
897
2278
1959
491
2198
932
2296
1967
498
2236
989
2299
1971
508
2290
1027
2376
2025
511
2374
1037
2395
2031
535
2433
1148
2414
2041
548
2443
1155
2494
2074
565
2499
1168
103
2090
576
1177
180
2092
134
589
1219
335
2094
257
613
1227
518
2106
397
622
1243
779
2111
401
625
1270
1181
2308
443
634
1328
1359
2330
457
661
1358
1420
2332
588
701
1407
1998
2359
650
718
1469
2010
2377
821
722
1482
2289
2411
848
752
1516
2390
2425
886
754
1528
2483
2442
949
785
1543
2493
2460
977
813
1561
77
2491
1004
815
1581
86
43
1011
830
1597
93
50
1275
837
1620
106
60
1336
851
1630
144
140
1348
852
1660
188
143
1544
867
1663
192
184
1812
881
1794
204
195
1945
899
1841
226
252
2356
900
1896
240
290
2369
964
1910
285
297
2435
968
1929
294
351
2492
1057
1935
369
425
1058
24
1954
373
434
1062
94
1985
393
512
1063
153
2017
456
515
1128
249
2077
460
547
1150
266
2117
573
590
1156
291
2183
663
608
1238
429
2196
687
609
1246
449
2244
694
631
1268
592
2270
704
632
1306
659
2306
741
641
1307
710
2311
768
798
1327
714
2325
774
801
1350
948
2418
778
804
1364
1076
2454
791
816
1377
1112
2497
847
871
1391
1253
877
8
939
1417
1326
910
36
943
1433
1366
1041
412
950
1438
1369
1045
500
974
1444
1434
1049
668
988
1446
1587
1073
685
1018
1447
1818
1077
700
1032
1475
1839
1160
872
1068
1480
2034
1167
934
1099
1497
2059
1186
1056
1120
1550
2099
1192
1212
1123
1558
2362
1194
1256
1142
1572
38
1199
1867
1287
1573
73
1235
1956
1288
1577
121
1252
2021
1298
1586
292
1259
2277
1313
1592
379
1294
17
1514
1607
436
1335
19
1529
1631
554
1349
26
1566
1641
587
1413
76
1655
1666
602
1415
90
1697
1669
697
1439
92
1773
1711
706
1534
190
1777
1736
817
1538
219
1789
1750
866
1585
231
1804
1754
884
1687
262
1819
1790
915
1762
278
1824
1802
979
1813
298
1885
1873
1003
1906
301
1902
1874
1008
1989
308
1928
1911
1067
2001
336
1936
1942
1081
2004
339
1960
1975
1121
2024
368
2009
1982
1125
2062
371
2042
2000
1127
2073
372
2153
2003
1164
2129
377
2156
2029
1277
2144
383
2186
2043
1343
2158
395
2205
2053
1381
2193
406
2240
2089
1386
2215
433
2261
2103
1421
2237
476
2262
2119
1603
2305
478
2329
2155
1629
2324
487
2345
2159
1673
2351
506
2358
2174
1737
2404
544
2389
2184
1755
2453
628
2420
2206
1797
2498
666
2449
2248
1805
675
2467
2250
4
1877
732
2257
39
1979
3
734
2267
51
2083
40
738
2309
58
2098
47
750
2310
110
2100
48
759
2312
128
2133
62
807
2326
135
2137
72
812
2328
178
2146
81
832
2336
193
2162
85
870
2342
217
2264
130
887
2360
227
2319
131
961
2398
237
2384
172
980
2441
253
185
175
982
2446
271
197
176
996
2451
338
202
205
1022
2457
363
221
309
1028
2485
441
224
337
1036
477
259
376
16
1066
504
261
507
45
1122
519
289
605
75
1124
537
311
629
111
1188
595
324
709
123
1196
604
330
764
152
1260
615
360
1007
163
1285
653
361
1026
165
1317
658
381
1095
167
1347
662
394
1106
177
1375
670
405
1134
187
1400
672
410
1207
248
1422
676
444
1245
258
1451
686
453
1273
270
1574
693
462
1477
274
1614
707
465
1639
282
1642
747
482
1657
305
1712
831
533
2051
318
1732
907
541
2085
364
1745
960
550
2088
380
1782
962
556
2209
382
1799
987
566
2335
419
1820
990
570
420
15
1827
1012
594
525
53
1876
1021
600
553
74
1918
1078
614
561
98
1924
1087
617
585
101
1949
1131
618
644
215
1962
1193
635
646
273
2050
1214
640
657
286
2056
1251
643
660
312
2082
1274
688
684
329
2201
1291
716
739
341
2225
1353
717
749
345
2272
1502
724
777
385
2385
1546
753
784
413
2387
1658
756
792
432
2402
1678
757
850
472
2406
1706
762
918
480
2409
1717
772
922
496
2434
1719
829
971
505
2458
1722
843
978
539
2468
1724
857
1005
540
2488
1744
888
1016
560
2496
1756
898
1035
562
118
1760
913
1051
574
283
1774
917
1091
577
445
1781
927
1096
619
448
1811
936
1103
636
611
1855
944
1104
642
763
1883
954
1107
669
788
1888
957
1115
721
833
1889
1024
1141
730
893
1913
1053
1145
736
1044
1914
1054
1166
790
1126
1932
1055
1198
793
1300
2008
1093
1210
861
1333
2022
1171
1247
894
1339
2033
1190
1262
925
1460
2047
1197
1281
929
1466
2081
1222
1290
1010
1484
2086
1249
1314
1031
1525
2104
1258
1315
1084
1763
2114
1316
1322
1094
2006
2182
1330
1334
1101
2131
2218
1354
1345
1105
2176
2224
1361
1346
1114
2222
2242
1387
1357
1116
2355
2247
1431
1383
1147
2448
2274
1437
1388
1215
2472
2276
1442
1389
1233
2297
1461
41
1418
1244
2322
1479
129
1435
1286
2349
1486
145
1448
1296
2474
1554
200
1478
1311
2480
1567
209
1501
1321
137
1576
212
1506
1323
150
1578
242
1513
1337
179
1583
244
1524
1360
223
1591
250
1589
1371
343
1599
275
1617
1405
352
1610
400
1619
1410
358
1628
494
1701
1456
418
1661
495
1713
1471
459
1668
769
1735
1491
502
1679
776
1746
1499
555
1688
781
1779
1508
593
1700
783
1806
1527
677
1704
799
1823
1545
725
1709
818
1837
1547
731
1723
828
1838
1557
780
1783
928
1840
1559
796
1798
933
1848
1580
952
1801
1071
1864
1582
999
1815
1130
1866
1616
1059
1830
1132
1900
1665
1064
1835
1140
1923
1672
1165
1844
1146
1927
1686
1180
1854
1206
1930
1768
1211
1905
1218
1944
1784
1213
1908
1271
1948
1785
1261
1968
1303
1953
1826
1280
1990
1319
1961
1832
1304
1991
1396
1973
1847
1399
1994
1419
2055
1852
1402
2030
1496
2084
1878
1404
2046
1555
2105
1882
1406
2049
1602
2124
1886
1467
2110
1636
2125
1907
1470
2116
1645
2134
1916
1481
2121
1651
2150
1920
1490
2122
1670
2154
1957
1522
2128
1683
2157
2014
1523
2136
1685
2173
2087
1625
2138
1689
2207
2108
1656
2166
1714
2211
2185
1696
2177
1793
2216
2190
1751
2179
1816
2232
2228
1758
2203
1822
2241
2235
1792
2217
1943
2243
2266
1951
2220
1986
2253
2294
1965
2246
1995
2279
2347
1974
2256
2018
2282
2348
2066
2260
2028
2285
2368
2132
2287
2143
2291
2372
2167
2292
2230
2331
2373
2175
2321
2255
2340
2383
2213
2370
2302
2367
2388
2249
2407
2343
2396
2393
2361
2462
2417
2416
2428
2471
2481
2469
2456
2478
2482
2486
2477
2476
2479
