4
16
24
33
161
7
51
55
108
167
67
80
122
142
192
116
130
168
216
386
133
135
189
218
628
134
144
226
227
630
179
249
324
437
669
205
262
391
457
801
233
270
396
477
811
281
285
417
492
901
295
299
422
505
918
309
345
431
515
984
350
357
433
565
1041
365
378
491
597
1086
420
490
533
599
1262
511
560
605
618
1329
519
580
606
637
1481
540
602
666
743
1549
567
604
704
749
1617
571
608
726
897
1673
582
644
732
922
1737
663
715
754
975
1743
678
755
804
996
1804
691
767
827
1048
1834
756
791
858
1104
1888
772
825
904
1177
1907
779
870
911
1180
1920
787
885
1044
1183
1984
796
938
1208
1219
2011
865
952
1292
1296
2021
889
983
1345
1360
2044
1024
1028
1363
1388
2108
1030
1047
1395
1440
2215
1032
1066
1443
1500
2251
1039
1090
1506
1536
2264
1073
1165
1523
1629
2328
1107
1181
1586
1642
2367
1122
1190
1590
1674
2411
1127
1196
1761
1818
2440
1134
1261
1808
1839
2474
1144
1266
1820
1851
3
1148
1349
1863
1914
41
1167
1356
1874
1928
71
1252
1368
1882
1955
73
1316
1381
1974
2022
86
1326
1412
2010
2040
98
1344
1425
2038
2049
182
1350
1431
2053
2130
230
1355
1488
2110
2141
237
1358
1490
2124
2200
280
1400
1534
2126
2216
387
1453
1551
2147
2217
451
1464
1552
2161
2235
454
1516
1579
2231
2380
509
1553
1580
2241
2388
526
1576
1637
2261
2399
564
1577
1643
2279
2434
577
1611
1645
2381
2442
610
1636
1650
2426
83
615
1688
1695
2466
90
629
1708
1729
18
121
650
1734
1752
23
127
676
1750
1755
31
146
693
1763
1784
34
169
745
1770
1819
69
187
758
1847
1849
114
206
785
1855
1862
115
217
853
1880
1923
148
246
860
1884
1938
160
282
896
1918
1966
207
305
927
1987
2017
213
320
941
2035
2041
235
323
954
2047
2063
301
342
1000
2065
2097
348
349
1034
2076
2121
361
364
1050
2089
2143
384
393
1142
2120
2146
389
404
1206
2137
2203
419
427
1236
2164
2224
462
463
1256
2177
2294
506
585
1323
2222
2303
517
636
1328
2228
2305
541
642
1351
2255
2342
588
713
1420
2270
2347
589
741
1524
2340
2377
662
750
1544
2351
2392
694
760
1550
2397
2415
695
891
1578
2414
2464
786
906
1591
2420
2484
792
949
1641
2455
9
844
958
1652
2457
19
868
1006
1668
2479
26
910
1010
1711
0
28
931
1012
1758
17
48
950
1026
1783
20
57
1005
1106
1825
61
65
1015
1113
1832
93
105
1071
1149
1835
95
145
1101
1210
1836
111
156
1130
1267
1866
113
162
1141
1285
1931
131
173
1155
1377
1957
140
175
1199
1437
2155
176
191
1243
1538
2209
193
201
1245
1560
2223
199
224
1289
1600
2233
234
243
1310
1677
2239
245
276
1314
1786
2275
269
277
1369
1800
2325
286
287
1421
1814
2376
296
300
1442
1838
2378
316
321
1473
1860
2459
331
340
1477
1864
2490
337
362
1545
1945
2497
354
374
1588
1981
13
375
390
1613
2056
47
398
439
1630
2062
50
403
441
1644
2094
63
406
445
1657
2119
77
412
494
1660
2280
79
425
527
1681
2312
84
472
531
1700
2345
91
495
534
1706
2396
102
516
593
1716
2418
125
530
600
1741
2435
155
545
609
1746
2445
159
547
620
1754
2491
172
550
622
1759
8
198
552
672
1776
15
242
555
698
1780
38
247
561
706
1788
68
267
583
723
1803
157
273
601
724
1809
215
297
612
744
1810
252
304
648
812
1823
266
335
719
815
1867
338
371
727
829
1872
339
421
766
877
1933
366
459
800
886
1960
383
568
826
913
1976
392
614
833
914
2006
411
631
840
917
2029
432
708
848
926
2051
479
770
869
939
2118
485
808
908
940
2142
500
814
928
974
2148
501
857
936
982
2152
518
976
967
985
2168
521
1029
981
1004
2191
556
1058
986
1036
2195
595
1070
989
1038
2196
616
1131
1037
1057
2211
626
1136
1042
1064
2247
649
1172
1059
1085
2248
659
1175
1098
1119
2258
668
1184
1109
1123
2300
677
1228
1132
1158
2337
703
1229
1188
1207
2360
714
1294
1203
1216
2373
764
1309
1209
1217
2393
863
1338
1227
1237
2413
895
1370
1238
1259
2447
902
1433
1241
1288
2463
912
1452
1244
1291
2478
915
1520
1318
1364
2489
929
1521
1322
1376
27
944
1558
1333
1401
46
963
1559
1342
1404
66
971
1581
1387
1405
76
979
1651
1397
1416
112
1025
1661
1398
1430
143
1033
1733
1411
1438
258
1052
1774
1444
1458
279
1063
1792
1470
1482
289
1081
1947
1480
1484
310
1088
2018
1485
1495
311
1118
2085
1486
1502
322
1137
2112
1496
1505
352
1173
2159
1499
1539
369
1176
2162
1512
1584
370
1197
2172
1519
1585
402
1231
2213
1533
1599
453
1254
2326
1568
1649
467
1272
2329
1592
1659
473
1278
2350
1598
1667
499
1279
2359
1605
1693
504
1282
2412
1623
1698
542
1299
2433
1625
1709
543
1320
2465
1699
1710
563
1337
32
1713
1736
569
1383
64
1714
1740
596
1391
96
1720
1753
635
1394
106
1762
1797
673
1423
151
1785
1824
688
1450
177
1811
1848
692
1455
197
1827
1868
696
1462
236
1842
1915
701
1510
240
1850
1975
711
1518
241
1876
1979
855
1554
313
1877
2015
862
1582
367
1885
2028
866
1596
395
1900
2048
871
1603
434
1917
2059
875
1614
512
1922
2071
883
1619
513
1926
2080
916
1689
584
1982
2083
934
1697
671
1991
2150
937
1726
730
1992
2169
956
1732
733
1997
2207
969
1751
734
2054
2243
1003
1765
768
2077
2246
1009
1766
773
2078
2254
1049
1769
783
2101
2265
1061
1790
784
2156
2272
1077
1807
807
2165
2278
1084
1858
859
2174
2311
1108
1903
923
2190
2319
1128
1916
933
2198
2335
1150
1929
942
2219
2398
1152
1935
962
2229
2419
1162
1949
968
2240
2451
1163
1968
1014
2259
2480
1185
1972
1218
2287
2498
1187
1980
1312
2291
1
1193
1986
1336
2313
30
1247
1998
1347
2317
39
1253
1999
1465
2322
72
1257
2007
1469
2344
74
1295
2050
1497
2385
94
1305
2057
1653
2387
100
1315
2064
1739
2416
101
1341
2084
1747
2446
181
1393
2096
1789
2462
184
1407
2100
1805
2481
220
1418
2104
1830
2486
223
1419
2106
1930
2492
231
1447
2117
1932
2499
274
1478
2134
1962
12
288
1622
2167
1969
25
341
1628
2185
1990
35
343
1671
2192
2020
40
382
1694
2204
2037
45
470
1771
2214
2058
117
484
1777
2234
2139
132
502
1813
2238
2182
139
546
1816
2249
2314
307
562
1897
2321
2352
328
566
1943
2327
2471
399
576
1959
2356
2476
410
594
1978
2366
2477
413
598
1994
2379
37
424
623
1996
2431
82
486
634
2013
2443
92
489
658
2027
2488
99
539
661
2074
11
120
575
665
2099
58
149
621
670
2111
59
171
667
679
2123
109
185
690
697
2132
119
203
699
738
2149
126
208
712
757
2158
137
228
721
761
2250
164
298
736
775
2266
186
329
746
778
2282
196
330
759
797
2285
212
355
790
798
2297
219
380
799
802
2304
229
466
809
823
2341
232
520
810
831
2369
244
538
816
836
2473
264
590
820
841
49
275
592
846
881
53
291
660
851
882
97
302
705
909
924
104
306
718
935
959
158
353
737
957
964
183
377
739
988
1068
254
379
777
1013
1078
256
423
789
1016
1194
272
435
893
1076
1258
314
450
894
1087
1276
327
468
966
1092
1313
332
478
1040
1112
1331
360
487
1054
1120
1352
381
503
1069
1126
1359
405
522
1151
1138
1361
426
524
1153
1147
1382
428
548
1156
1164
1439
442
559
1171
1169
1491
444
570
1248
1222
1535
461
573
1298
1226
1561
464
578
1301
1233
1569
476
643
1367
1234
1593
536
675
1434
1265
1646
537
681
1468
1280
1676
557
683
1472
1339
1678
579
729
1493
1371
1701
627
751
1498
1406
1704
654
794
1547
1414
1721
664
838
1606
1417
1730
686
867
1647
1432
1744
742
872
1655
1451
1801
782
874
1658
1466
1837
795
876
1680
1467
1854
805
887
1684
1531
1869
854
900
1718
1541
1870
879
920
1748
1562
1911
903
946
1756
1563
1948
907
947
1775
1570
1961
919
965
1817
1572
1967
977
990
1826
1610
1973
1008
1062
1831
1624
1983
1027
1099
1846
1679
1988
1035
1116
1853
1715
2008
1051
1121
1887
1719
2070
1060
1139
1909
1779
2082
1083
1178
1919
1782
2154
1089
1201
1941
1950
2201
1100
1202
1953
1965
2288
1157
1215
2004
2000
2293
1161
1246
2095
2039
2362
1200
1249
2236
2066
2371
1213
1268
2298
2086
2391
1235
1274
2301
2098
2444
1239
1277
2355
2102
2495
1281
1311
2421
2129
2
1317
1330
5
2133
36
1357
1365
14
2151
43
1385
1410
21
2173
44
1389
1445
22
2193
70
1403
1446
52
2205
118
1429
1489
62
2227
180
1441
1522
89
2262
194
1449
1540
128
2302
255
1471
1564
141
2336
290
1479
1608
147
2375
333
1494
1633
210
2386
401
1517
1634
211
2390
418
1557
1672
214
2410
436
1571
1675
221
2437
482
1597
1696
238
2461
496
1601
1772
239
2494
497
1604
1840
250
10
525
1612
1861
257
123
581
1627
1886
259
136
633
1632
1971
261
150
639
1638
2025
265
153
674
1663
2045
283
200
689
1705
2092
284
202
702
1717
2105
293
308
740
1724
2107
294
318
803
1735
2113
303
356
834
1742
2179
312
385
835
1764
2183
315
407
878
1768
2197
317
416
948
1794
2267
326
447
955
1875
2274
336
465
961
1896
2289
351
507
995
1898
2349
363
523
1018
1908
2357
372
532
1056
1924
2395
376
591
1065
1977
2400
408
707
1094
1995
2469
415
728
1105
2001
2493
430
747
1115
2019
6
438
753
1179
2024
178
440
762
1192
2026
204
443
769
1212
2030
225
446
781
1224
2081
292
449
828
1232
2109
394
458
832
1263
2125
471
474
842
1287
2136
488
508
850
1321
2180
510
514
987
1375
2187
572
529
993
1380
2206
722
549
1020
1426
2208
748
553
1031
1460
2237
817
554
1053
1475
2244
822
586
1096
1508
2269
943
587
1102
1513
2296
991
607
1145
1527
2299
992
617
1160
1529
2307
994
619
1214
1546
2308
1007
638
1220
1595
2310
1017
641
1221
1635
2318
1045
651
1283
1654
2323
1091
680
1290
1656
2354
1095
687
1346
1666
2383
1097
720
1353
1725
2394
1125
752
1454
1727
2432
1135
818
1461
1757
2449
1189
819
1483
1767
2458
1223
830
1501
1778
2468
1225
856
1507
1806
2482
1293
864
1528
1821
29
1307
898
1537
1881
54
1392
953
1542
1934
103
1587
999
1618
1951
165
1607
1023
1662
2003
188
1639
1067
1670
2014
251
1773
1072
1682
2046
388
1781
1074
1685
2073
397
1799
1082
1686
2088
452
1879
1114
1690
2157
455
1894
1124
1707
2184
456
1910
1154
1802
2194
480
2034
1170
1892
2199
481
2140
1204
1895
2268
528
2295
1205
1904
2292
603
2343
1264
1921
2309
647
2428
1275
1954
2363
653
2436
1286
1956
2406
700
2441
1302
1958
2496
725
2450
1306
2023
56
735
2483
1324
2068
60
765
75
1325
2122
129
774
78
1334
2153
154
788
81
1335
2160
190
845
85
1343
2163
222
861
88
1354
2170
334
873
107
1362
2273
344
980
110
1366
2315
346
997
124
1372
2358
347
1002
163
1373
2364
409
1043
166
1384
2372
469
1103
253
1428
2405
493
1133
263
1456
2408
498
1146
429
1457
2427
574
1186
448
1476
2429
640
1198
460
1511
2448
645
1240
475
1525
2467
652
1271
535
1526
2485
685
1308
544
1556
152
813
1332
558
1566
170
821
1348
624
1567
174
847
1378
632
1573
248
849
1386
655
1574
260
880
1415
656
1594
271
905
1424
684
1616
278
932
1427
763
1669
319
951
1436
776
1683
325
970
1448
806
1687
359
1011
1487
824
1691
400
1075
1555
839
1712
483
1140
1615
888
1722
551
1159
1664
930
1749
771
1230
1798
972
1795
780
1251
1812
1021
1796
793
1270
1815
1022
1841
837
1284
1844
1055
1843
852
1319
1852
1110
1845
884
1374
1857
1129
1856
890
1402
1883
1143
1878
892
1413
1891
1168
1889
925
1422
1899
1174
1890
960
1463
1927
1182
1902
973
1514
1937
1195
1905
1046
1543
1985
1211
1912
1079
1575
2012
1242
1936
1080
1602
2016
1250
1942
1117
1620
2031
1255
1944
1260
1621
2036
1273
1946
1269
1640
2055
1297
1963
1474
1738
2060
1304
1964
1503
1787
2087
1340
1989
1548
1913
2115
1379
2002
1609
1970
2188
1390
2009
1702
2042
2189
1408
2052
1723
2210
2253
1435
2067
1728
2221
2404
1459
2069
1793
2225
42
1504
2072
1829
2232
138
1515
2075
1833
2242
268
1532
2090
1859
2252
358
1626
2114
1873
2320
373
1648
2127
1901
2324
657
1665
2128
1925
2332
682
1731
2144
1940
2333
716
1822
2145
2033
2339
843
1865
2171
2043
2346
899
1906
2175
2091
2365
921
1952
2186
2116
2401
978
1993
2202
2135
87
998
2032
2212
2176
195
1019
2079
2218
2256
368
1191
2093
2245
2260
414
1300
2103
2257
2330
613
1303
2138
2263
2334
625
1327
2166
2277
2338
709
1399
2181
2284
2384
710
1509
2220
2286
2424
717
1530
2230
2306
2438
945
1565
2271
2316
2456
1093
1589
2276
2331
209
1111
1703
2281
2353
611
1166
1828
2290
2368
646
1396
1871
2361
2374
731
1409
1939
2370
2389
1001
1583
2005
2402
2417
1492
1692
2178
2403
2422
1631
1745
2283
2409
2423
1760
1893
2382
2425
2439
1791
2131
2430
2453
2472
2061
2348
2452
2454
2475
2226
2407
2460
2470
2487
