2499
2498
2495
2491
2490
2496
2492
2489
2488
2486
2494
2487
2484
2479
2471
2493
2483
2477
2476
2468
2485
2481
2472
2461
2428
2482
2470
2465
2453
2416
2478
2469
2463
2452
2408
2473
2467
2462
2450
2402
2466
2459
2458
2448
2393
2464
2455
2451
2447
2389
2460
2454
2446
2440
2387
2456
2445
2443
2439
2385
2449
2442
2436
2433
2382
2438
2434
2431
2418
2381
2430
2425
2423
2410
2368
2429
2424
2422
2404
2365
2421
2420
2419
2390
2359
2417
2413
2412
2386
2356
2415
2409
2405
2383
2355
2406
2403
2400
2376
2352
2399
2398
2396
2374
2349
2395
2394
2392
2369
2342
2391
2377
2363
2361
2341
2388
2375
2358
2354
2324
2380
2373
2348
2339
2314
2379
2371
2346
2338
2312
2378
2367
2336
2333
2293
2372
2353
2334
2329
2279
2370
2351
2332
2326
2274
2366
2340
2325
2318
2256
2362
2335
2311
2310
2253
2357
2327
2309
2305
2251
2347
2323
2303
2298
2244
2345
2320
2294
2289
2239
2331
2313
2288
2277
2235
2315
2304
2286
2275
2232
2308
2296
2281
2271
2210
2306
2282
2273
2263
2207
2302
2280
2272
2262
2204
2299
2267
2259
2249
2203
2295
2266
2245
2241
2200
2292
2260
2240
2231
2199
2290
2258
2230
2228
2198
2287
2257
2218
2208
2188
2285
2254
2213
2197
2182
2278
2236
2212
2192
2170
2269
2234
2211
2191
2168
2268
2229
2206
2185
2167
2265
2225
2205
2178
2164
2261
2223
2201
2175
2158
2255
2221
2176
2169
2143
2250
2217
2163
2159
2142
2246
2216
2157
2155
2139
2243
2209
2151
2149
2136
2226
2196
2146
2145
2133
2224
2195
2144
2138
2128
2219
2193
2129
2123
2110
2194
2190
2124
2117
2108
2187
2181
2121
2116
2105
2186
2180
2114
2112
2102
2177
2174
2107
2097
2091
2173
2171
2106
2092
2088
2162
2161
2104
2087
2083
2154
2153
2094
2080
2079
2152
2148
2090
2078
2076
2150
2147
2089
2074
2067
2140
2134
2084
2073
2065
2137
2132
2081
2071
2063
2135
2131
2072
2068
2061
2130
2122
2070
2066
2059
2127
2115
2069
2064
2043
2126
2085
2062
2060
2040
2125
2075
2058
2053
2032
2120
2055
2049
2047
2024
2118
2054
2042
2035
2003
2113
2051
2041
2030
1984
2111
2048
2038
2025
1982
2109
2045
2037
2021
1978
2103
2044
2036
2020
1974
2100
2033
2027
2018
1973
2099
2028
2023
2011
1967
2093
2026
2016
2009
1963
2082
2017
2015
2007
1961
2077
2014
2013
1996
1954
2056
2010
2001
1995
1952
2052
2008
1999
1993
1944
2050
2006
1997
1989
1940
2039
2004
1994
1988
1937
2031
2000
1986
1980
1936
2022
1992
1983
1976
1911
2005
1990
1979
1972
1908
2002
1987
1971
1970
1905
1981
1969
1968
1966
1898
1977
1959
1957
1946
1897
1975
1956
1953
1943
1895
1965
1955
1950
1941
1881
1964
1947
1928
1927
1879
1958
1945
1926
1922
1876
1949
1939
1925
1915
1871
1948
1938
1923
1909
1869
1942
1929
1918
1903
1868
1933
1924
1916
1901
1866
1930
1914
1906
1900
1864
1919
1913
1904
1891
1863
1917
1912
1892
1880
1857
1910
1902
1883
1877
1847
1907
1896
1882
1874
1845
1894
1890
1878
1872
1841
1893
1889
1875
1862
1825
1888
1887
1873
1859
1822
1886
1884
1854
1852
1814
1885
1867
1851
1850
1807
1870
1861
1848
1840
1784
1865
1860
1846
1834
1773
1858
1853
1835
1828
1764
1855
1839
1832
1818
1761
1844
1836
1827
1811
1756
1833
1830
1823
1803
1752
1831
1820
1812
1795
1744
1824
1815
1806
1786
1741
1819
1809
1798
1780
1737
1817
1808
1792
1771
1736
1813
1804
1790
1767
1722
1805
1802
1789
1766
1717
1801
1797
1785
1751
1715
1800
1793
1778
1749
1712
1799
1781
1774
1743
1701
1794
1777
1770
1740
1697
1791
1769
1763
1735
1688
1787
1768
1762
1733
1687
1783
1760
1758
1728
1681
1782
1759
1755
1727
1655
1779
1757
1754
1704
1653
1776
1748
1732
1703
1645
1775
1745
1719
1692
1644
1753
1738
1718
1690
1617
1746
1723
1711
1680
1616
1730
1714
1707
1676
1615
1729
1710
1706
1673
1610
1721
1709
1702
1671
1604
1716
1705
1700
1663
1596
1713
1699
1698
1651
1592
1695
1694
1670
1649
1586
1693
1679
1667
1647
1580
1689
1678
1652
1646
1573
1686
1660
1648
1642
1558
1683
1659
1639
1634
1546
1682
1643
1633
1621
1533
1675
1640
1629
1620
1531
1674
1638
1626
1609
1521
1668
1636
1619
1591
1517
1666
1635
1614
1588
1507
1664
1622
1612
1572
1506
1662
1618
1605
1569
1500
1658
1607
1603
1554
1499
1656
1602
1595
1536
1497
1654
1601
1589
1530
1489
1641
1598
1584
1525
1488
1637
1597
1583
1519
1476
1632
1593
1582
1496
1474
1631
1581
1579
1495
1457
1630
1578
1570
1484
1446
1627
1577
1568
1461
1444
1625
1576
1562
1451
1432
1613
1565
1561
1438
1430
1606
1559
1551
1428
1427
1600
1549
1548
1424
1410
1599
1547
1535
1420
1407
1594
1543
1526
1419
1405
1590
1541
1523
1418
1403
1585
1540
1520
1415
1402
1575
1538
1516
1414
1395
1567
1537
1505
1399
1394
1566
1529
1494
1398
1388
1564
1528
1493
1396
1387
1563
1515
1492
1384
1379
1560
1514
1491
1381
1378
1557
1512
1490
1380
1373
1556
1510
1487
1376
1365
1555
1509
1478
1372
1359
1553
1508
1477
1371
1348
1552
1503
1475
1370
1342
1550
1501
1471
1367
1328
1545
1472
1470
1357
1323
1544
1468
1460
1356
1311
1539
1467
1456
1353
1303
1534
1465
1452
1349
1297
1522
1463
1447
1344
1293
1518
1462
1439
1331
1283
1513
1459
1436
1326
1277
1511
1458
1434
1320
1273
1498
1453
1426
1319
1265
1486
1448
1425
1317
1264
1485
1441
1423
1308
1262
1483
1437
1422
1299
1257
1481
1417
1397
1296
1256
1479
1412
1390
1291
1247
1466
1411
1377
1284
1246
1454
1401
1375
1267
1244
1450
1400
1368
1266
1213
1445
1391
1366
1259
1211
1443
1374
1364
1258
1209
1442
1369
1362
1252
1207
1431
1361
1360
1232
1205
1429
1358
1355
1224
1201
1421
1354
1350
1223
1198
1409
1351
1345
1220
1191
1408
1347
1338
1219
1184
1393
1335
1333
1218
1181
1392
1332
1329
1216
1180
1389
1327
1313
1197
1173
1383
1321
1312
1196
1169
1352
1314
1307
1186
1159
1346
1306
1304
1171
1156
1343
1305
1302
1163
1154
1341
1294
1292
1162
1153
1340
1290
1275
1160
1143
1339
1289
1254
1155
1138
1334
1287
1253
1151
1136
1325
1286
1243
1146
1125
1322
1281
1240
1137
1121
1318
1278
1238
1135
1112
1316
1276
1236
1131
1099
1315
1272
1221
1126
1091
1310
1268
1208
1113
1088
1309
1251
1200
1111
1067
1301
1241
1195
1109
1063
1300
1235
1188
1105
1059
1288
1233
1176
1103
1053
1285
1230
1175
1098
1049
1280
1226
1168
1093
1040
1271
1215
1158
1092
1039
1270
1212
1150
1089
1035
1269
1204
1148
1080
1033
1263
1199
1147
1075
1021
1260
1194
1142
1066
1016
1255
1193
1140
1048
1013
1250
1189
1134
1038
1012
1249
1187
1133
1037
1010
1245
1183
1123
1026
1005
1242
1178
1122
1024
1002
1239
1174
1116
1020
999
1237
1172
1095
1015
990
1234
1170
1083
1014
987
1229
1167
1079
1011
985
1217
1165
1077
1008
983
1210
1164
1072
1006
968
1203
1161
1062
996
946
1202
1141
1061
986
925
1192
1128
1054
984
921
1182
1127
1043
978
913
1179
1124
1036
971
912
1177
1120
1032
967
911
1166
1119
1031
965
900
1157
1117
1025
964
892
1149
1106
998
962
891
1145
1101
989
961
889
1144
1097
982
960
873
1139
1090
980
959
867
1130
1087
979
955
865
1118
1085
975
945
860
1107
1082
958
941
859
1104
1081
954
939
841
1102
1076
942
936
836
1100
1068
934
929
835
1071
1058
930
924
831
1070
1056
927
920
828
1069
1051
923
918
824
1065
1046
919
917
815
1055
1042
916
910
814
1050
1027
914
905
813
1047
1022
906
902
809
1044
1019
904
897
799
1041
1018
901
886
798
1034
1004
888
876
788
1030
994
874
861
780
1029
992
872
854
773
1028
991
870
851
760
1023
977
869
846
758
1003
976
864
839
749
1001
974
857
832
744
1000
973
843
827
740
997
972
842
826
724
981
970
840
825
717
969
963
830
818
714
956
952
821
816
712
953
947
811
807
696
950
944
810
800
694
949
940
805
796
693
948
938
803
789
692
937
932
793
787
679
935
931
786
785
667
933
926
784
769
654
922
915
783
766
653
909
907
778
761
648
908
903
757
754
635
898
895
756
751
630
893
884
737
734
611
885
882
736
732
603
883
878
725
722
602
881
863
711
710
599
880
862
709
707
580
877
850
705
702
570
875
847
697
689
567
871
845
688
684
563
866
829
687
683
562
858
819
678
674
558
856
812
677
673
553
849
804
676
670
549
844
801
668
666
539
838
795
661
642
532
834
792
659
641
531
820
779
658
629
530
817
777
652
623
529
808
772
636
587
527
806
770
625
582
526
802
767
621
577
516
790
764
615
576
507
782
763
614
566
506
775
762
613
541
503
768
759
609
535
486
755
753
608
534
478
752
746
606
528
474
750
745
604
521
463
748
743
600
519
460
747
741
597
505
453
742
738
595
502
442
739
735
591
501
431
733
730
584
493
428
729
728
581
489
427
727
726
572
484
426
723
708
561
483
415
721
699
560
465
412
720
691
556
456
389
719
690
550
455
375
718
685
545
452
373
716
680
537
446
370
715
675
536
444
357
703
671
517
424
350
701
657
512
423
347
698
650
511
417
345
695
649
509
416
343
682
647
498
413
339
669
640
497
408
335
665
638
495
407
331
664
637
494
398
330
663
633
482
392
328
660
620
479
384
326
656
616
477
374
324
646
610
476
369
318
644
605
472
365
312
643
601
467
364
308
639
594
459
358
301
634
593
450
354
295
631
592
448
341
293
628
590
436
340
292
627
588
433
325
289
626
585
421
313
286
622
578
420
305
276
619
575
418
302
273
607
573
405
287
271
596
568
402
281
263
589
557
400
280
262
583
540
399
272
255
579
524
397
268
254
571
522
393
267
251
569
518
390
266
234
565
514
382
265
225
559
510
380
264
212
554
508
372
260
207
552
500
361
257
204
551
499
356
253
199
547
496
352
247
196
546
491
349
242
194
544
485
344
241
188
543
475
334
240
187
542
473
329
239
182
538
470
322
237
177
533
469
321
236
170
523
458
309
235
165
520
454
307
226
158
513
445
306
220
151
504
440
304
211
147
492
439
300
209
144
490
437
298
208
131
488
434
294
191
113
480
432
291
186
112
466
429
282
181
110
464
422
270
179
100
462
419
261
167
96
461
391
259
164
95
451
388
250
159
94
449
386
238
154
88
443
381
230
152
69
438
379
228
150
65
435
378
222
149
60
430
377
219
139
54
425
371
213
135
43
410
362
210
133
32
409
360
206
126
31
404
359
197
125
30
395
355
190
124
29
394
353
183
123
22
385
348
171
122
17
383
332
161
120
13
368
327
157
119
11
367
323
148
114
3
366
320
146
107
1527
351
319
142
103
896
346
317
140
98
2307
342
316
137
93
1650
337
311
134
91
1838
336
296
130
87
1657
333
290
115
84
2321
315
279
109
72
1057
314
277
108
70
2034
310
249
92
67
2300
299
248
85
58
681
284
246
83
56
700
278
244
81
51
18
274
231
74
49
1691
256
227
66
44
1532
245
202
64
26
928
243
198
62
25
387
232
180
59
20
1440
229
178
55
19
1404
224
176
53
16
1336
223
175
50
15
2411
218
172
48
6
2343
217
162
46
1248
1542
216
156
40
2248
1960
215
143
39
68
2227
205
136
27
1725
1435
203
129
23
1337
1796
200
118
14
966
1742
193
116
10
2328
868
192
111
2252
2222
2457
189
101
2319
1114
2441
185
86
2316
993
2414
184
79
1772
2119
2401
169
77
774
1998
2384
163
75
1295
1064
2364
160
71
1672
2330
2350
155
63
525
765
2202
145
57
1480
2317
2172
141
52
1611
899
2165
132
42
1856
166
2160
128
37
2474
1279
2156
127
36
1962
1473
2095
117
35
138
153
2046
106
24
1009
457
2012
104
21
258
2098
1932
99
12
1482
1837
1899
97
8
1985
2480
1739
89
0
105
2437
1731
80
1455
2291
2432
1724
78
624
2344
2360
1608
76
1684
1843
2233
1571
73
1842
82
2189
1524
61
1464
822
2184
1502
47
1324
995
2141
1469
45
672
2497
2057
1449
41
1227
2435
1991
1413
34
7
2397
1951
1385
33
1574
2276
1935
1382
28
1628
2270
1934
1330
9
2426
2238
1826
1274
5
655
2237
1821
1214
4
2284
2220
1788
1152
1206
1115
2215
1677
1129
515
2029
2214
1623
1078
2297
645
2166
1433
1045
1587
2407
2086
1282
1017
1007
2475
2019
1228
988
1765
2427
1920
1222
887
1720
2337
1747
1110
848
363
2322
1726
1096
833
90
2283
1708
1052
797
1816
2264
1696
957
791
1086
2242
1685
951
731
794
2096
1669
943
704
2301
1921
1665
894
662
2444
1849
1504
781
651
2247
1810
1386
776
612
2183
1661
1298
713
598
2179
1416
1225
617
555
2101
1406
1132
574
468
1931
1261
1108
564
447
1829
1231
1094
487
414
1750
1190
1074
441
411
1734
1185
855
406
396
1624
1084
853
403
285
1363
1060
852
338
275
1073
837
771
303
269
890
823
481
283
252
879
706
401
233
174
686
632
297
221
173
618
586
214
195
38
548
471
201
168
2
376
288
121
102
1
