83
1860
1517
2498
2125
166
57
1419
2384
191
1595
2428
1168
1280
729
1281
2445
1510
1958
1458
1104
236
2139
2298
1512
420
1995
1209
2128
150
1832
638
1586
1051
1739
2039
243
2311
1116
2063
1006
106
948
968
1420
1626
684
2101
1161
1010
2174
1763
2228
2483
348
1666
511
80
1431
277
2316
1374
1417
1332
736
428
840
1395
648
1499
2036
1911
1940
2232
1138
2421
1795
119
2234
1369
2165
2454
2022
2114
1354
2358
359
884
679
2455
986
483
1973
1345
1772
1805
1699
2065
1661
1889
1861
786
1142
1335
845
1070
1835
758
180
1750
1966
1551
336
949
1928
1024
2338
789
748
1778
2496
628
2092
756
573
2370
1540
1516
411
541
1206
206
60
753
1799
1
860
1385
74
585
1990
2442
2462
1948
144
61
1174
443
2336
2089
988
872
2466
1597
725
974
283
2263
1317
993
182
1079
1746
1261
95
383
1604
2159
739
2242
2152
1654
1728
1346
39
1386
1974
1278
1972
1619
2306
1285
1753
907
1086
496
46
795
1926
985
852
1379
2136
1411
979
1341
2185
1961
501
1066
1007
2377
962
965
1322
1069
199
311
94
291
295
2432
110
539
593
2132
674
429
2340
314
791
875
2052
697
1413
2145
2051
1255
1351
1807
1677
1829
398
893
2349
2009
609
256
2382
1723
1890
1924
2173
1159
514
1691
1999
1761
2067
1847
346
1773
1818
1802
255
951
1741
1198
179
966
1886
2220
605
1640
286
670
600
470
970
1875
1013
1610
808
1673
386
427
441
2274
777
480
707
33
2378
944
154
1758
1440
27
1800
1192
599
209
870
482
1742
755
1292
1502
1384
2095
2107
1507
703
1422
1352
1294
1248
444
1046
544
87
1672
2010
522
108
1528
310
689
1520
225
1564
899
1498
1477
1115
2075
1329
1365
2108
1140
721
553
1486
620
1328
1100
1150
86
2213
2050
2409
408
2364
4
1291
1462
239
611
365
1276
1585
799
2170
983
263
2494
1364
2393
862
2385
984
266
1426
1151
2196
1987
421
174
643
114
88
1496
2120
767
1063
2040
1983
2453
171
288
750
1368
223
2064
2142
793
1434
903
1372
1373
401
711
1401
1505
5
646
1841
2477
1648
430
855
783
731
1744
1544
1156
3
1931
1895
1099
2456
671
2345
2223
504
13
1433
1154
569
1247
2080
2293
972
216
2353
978
1097
2227
2141
857
204
177
935
1188
1295
353
2272
1190
2176
399
1690
2087
1348
84
45
1786
1725
2004
1289
591
1453
357
716
1270
1178
1076
219
170
520
1789
1438
1997
878
1939
296
2157
950
2144
52
1019
1090
1529
1923
2168
279
1475
665
2226
2178
312
1421
737
90
1323
1909
812
1025
1946
415
1996
64
2209
250
1231
1232
2481
636
598
998
1959
226
2098
1120
2083
2290
1461
1147
1775
1730
640
229
460
2077
2471
528
738
946
589
2204
904
68
213
987
78
1751
2335
1490
1803
2188
393
1470
713
142
89
2279
2047
959
710
933
1901
1107
2035
1960
2154
1508
1473
1481
1703
151
1002
2260
1708
523
1591
886
1680
744
1949
2495
2208
423
1215
1945
1235
889
400
2008
2374
826
651
1410
505
1039
1702
2273
485
1253
2355
1843
2291
879
1303
1217
1316
335
2058
343
1009
1315
2399
1149
364
160
953
222
1435
781
1993
1169
1630
881
705
2276
963
513
1223
2303
2222
349
2238
908
1139
1101
1667
404
1129
2461
1830
2448
301
1220
1857
771
1093
2057
2045
1915
2156
883
316
2112
366
1306
1733
2030
1114
1745
811
1130
391
284
1492
21
234
334
437
1000
1493
210
1671
1951
555
1483
2153
1576
2299
99
1665
690
1601
1919
1791
2285
500
521
1182
2493
2342
2476
2346
456
952
832
1956
509
1884
259
1828
939
661
14
230
120
44
2192
1194
1415
977
1721
1862
1236
2373
104
317
873
1301
2016
2025
453
1497
1957
2037
1014
617
1936
36
1020
201
1732
2257
704
1759
2103
141
575
454
2214
1173
508
1287
2271
2435
956
642
2181
1243
1298
991
1330
735
1678
2344
1230
287
328
0
2360
1057
592
1085
1035
82
2229
780
768
687
577
1788
2487
2465
1239
1444
2484
1600
1625
2129
1005
371
2088
1888
1896
1392
2472
1616
407
1297
189
1300
299
2000
1663
442
1088
2395
982
2018
2044
117
734
1451
2043
693
321
2443
18
1474
1599
997
1334
309
625
435
594
1041
115
1186
760
606
2406
546
2167
1398
31
1245
324
2312
1550
583
136
2151
1163
1257
2410
887
448
469
1635
2266
1950
1797
1698
278
1658
1391
1160
2215
955
2368
1228
1394
1905
16
938
1196
2197
602
1460
2146
1670
1556
367
1165
1920
1016
330
2267
1834
475
732
1655
645
1331
1511
2446
1056
1558
1871
1376
533
1642
2243
450
834
1271
1978
2437
557
2356
761
603
666
772
300
271
1881
2130
1984
2216
629
1037
1722
2262
564
2334
540
1858
125
905
2224
193
1638
100
1716
2264
641
2012
449
1484
1286
257
2412
1264
1390
1594
915
28
466
350
1624
971
562
394
155
1854
843
796
1796
1177
375
1891
1787
1561
1537
1269
503
1785
1580
12
1826
1241
976
700
2315
145
1985
2094
1326
552
297
1869
1118
621
7
433
1731
530
2180
1660
1755
2436
2246
2
1061
1581
356
1200
2429
186
1221
858
1850
1883
1108
1848
1998
347
1546
1570
659
2221
612
1735
1263
389
709
1748
1004
79
1073
2405
2381
233
1717
1465
355
1893
1897
1148
877
1531
733
175
231
218
1882
2066
2451
2096
17
1356
660
864
1674
1476
515
2468
1428
1885
235
70
2403
1573
2402
2250
2119
890
32
112
305
1975
2489
1685
720
1360
576
499
2038
1227
1425
1762
672
631
373
212
2054
1967
434
1892
105
1575
1158
497
333
1530
1522
1539
322
888
1976
1809
688
2265
1418
2198
165
1932
1757
831
2434
1312
931
1659
1608
1711
876
615
397
1689
1589
819
1615
1548
1653
1554
1652
2082
81
385
632
1325
846
1844
126
695
227
559
805
1518
1602
128
11
488
184
1582
1210
1980
2458
1103
261
639
1631
2425
724
2321
1664
2416
1806
2475
572
885
1370
370
1224
318
545
1089
1514
246
722
1423
2391
989
1030
2104
1343
2485
2133
1825
1864
1400
1313
1859
2172
274
162
2398
1590
473
1647
1851
75
2289
416
2449
1133
273
122
634
900
1943
107
1137
187
550
1734
2387
699
1472
1406
1167
574
1696
841
865
2388
1719
2041
1146
536
1675
788
2313
1839
1679
2359
147
2127
2474
2076
1022
1935
2297
2202
2252
368
1495
2307
376
706
2199
1388
2111
823
2179
1464
1381
1132
534
644
1567
1408
1081
685
1299
2116
1910
1084
1776
1856
340
2122
1067
320
588
957
1738
691
1515
975
2457
176
156
1459
1027
285
2013
38
1265
1559
1203
1981
868
1866
41
675
801
2362
2171
438
829
2324
2085
913
1318
2071
1571
1347
66
360
2164
2207
2386
1900
2106
1110
1577
1367
1837
307
1080
1055
1455
1117
2352
2109
2169
2284
1095
954
237
2026
658
1222
2286
1052
1623
2126
1801
1068
1694
866
581
195
1792
1669
1036
2350
1898
926
381
244
173
1729
1216
1908
1393
203
2499
1377
384
224
337
1707
2482
2491
2396
1479
479
451
270
1355
1268
432
1831
2397
294
6
1059
1994
1033
1191
1878
447
1380
487
839
1609
2479
719
1187
990
1873
2021
1218
1452
906
272
352
2134
1340
2438
2292
463
1043
2401
1593
491
1358
901
1212
1840
1656
1784
1219
1849
1709
849
880
2371
2244
1023
1491
1641
2184
2097
2376
1747
2137
1208
802
387
242
967
2003
2233
2277
2404
891
1944
1311
818
439
2005
2331
419
361
1375
1437
2254
1500
2079
2320
723
414
1399
833
493
2367
1588
2470
1736
1756
208
994
1136
1727
1562
2007
1359
323
590
2261
1337
2287
2326
1519
2020
183
1397
1566
1937
1456
1189
363
584
1047
2379
525
543
267
2123
268
252
2282
1715
378
1199
1646
882
1319
867
1777
1074
810
623
249
566
1349
146
717
742
97
762
1686
260
610
669
476
1823
2275
103
2177
1436
571
1918
563
932
1064
2351
2070
431
917
241
637
1155
1143
2383
2283
1441
937
2239
542
467
282
2183
1906
280
2024
1058
2182
402
458
1504
1072
2235
489
2046
96
1344
69
898
694
1651
1396
2099
535
596
1962
2078
111
2074
854
1603
973
2300
140
1740
1362
417
25
624
1164
1683
2241
326
1273
1781
2060
1720
1028
1880
1617
676
1467
290
775
2308
782
947
1503
452
2372
1463
1925
2187
790
1008
1026
2117
135
1272
1523
341
2430
2327
2093
1060
981
2160
607
797
601
715
2072
561
2341
77
462
853
354
1938
751
1991
2256
1827
116
358
909
1466
1040
1339
730
276
2366
221
2121
1779
507
232
1584
863
153
1105
1018
619
405
936
822
1718
2422
1700
2061
2259
2441
1749
1547
1622
980
995
1643
264
548
1293
149
1045
396
678
1152
1443
1524
1782
1704
1429
1812
1549
510
2473
484
245
597
1111
560
1553
1234
1942
214
2218
254
1780
1563
662
1639
50
1238
72
1113
331
558
518
1153
815
1162
198
1970
1185
362
2163
1127
1929
2330
164
1258
1611
159
42
265
275
803
1821
1545
2200
961
1032
677
2017
342
1969
635
1205
1082
1810
613
344
262
34
1309
825
1536
992
158
1283
650
30
2427
2294
1607
71
1256
2086
2357
958
668
1366
1387
228
696
1963
1083
942
579
1284
622
1613
2392
248
132
1112
835
1412
1096
1267
784
714
664
1754
1927
412
1527
1488
1131
2281
1078
807
701
1506
1542
390
929
1633
1627
1119
654
2193
1822
547
2348
2354
98
2011
121
1260
137
92
627
1244
2033
1621
554
1513
1587
1094
2319
2115
1275
1836
1225
1824
329
2211
2269
413
1134
240
941
538
1446
1249
1402
779
1282
1992
157
1050
919
1251
2155
2148
806
298
2042
1430
1449
2073
1684
1259
2365
838
2001
2361
1363
1371
1015
1710
2161
192
380
537
459
1252
787
2225
1876
2186
1214
656
1521
1774
2191
478
2150
2055
1605
1307
673
1184
2230
2450
1424
1246
1509
940
920
2158
29
1229
2478
1697
1454
319
1053
1290
1752
48
2480
2166
2032
1125
2102
23
1814
1106
2295
2417
726
1817
2419
809
1170
2310
1986
2138
207
2124
217
1676
1353
2205
2049
649
531
1054
1262
814
2463
960
2407
1988
379
1296
1044
1606
2411
2201
85
1414
1121
2028
374
897
1445
197
2258
828
2323
1846
2296
2304
1634
1612
2002
169
2408
2194
490
2100
1145
567
1868
1469
2322
512
996
10
1964
238
1971
2337
131
1378
2006
258
2459
1277
1448
422
1535
1579
168
472
1029
2413
1195
1179
1953
1568
824
842
945
2090
55
1793
844
1409
1482
215
2309
892
916
205
969
1879
101
1427
1450
409
1122
2189
2302
163
527
728
1126
861
345
918
1693
1416
2452
964
1098
686
911
506
746
820
2280
1705
445
1934
1525
1887
1565
1407
1226
764
1592
923
1543
804
702
2053
2486
465
1123
759
847
2288
1552
1921
894
76
395
133
486
1820
1049
1596
1478
626
1308
1207
123
1798
1288
1305
308
902
1916
2314
293
2497
35
130
24
8
568
1350
1175
524
928
161
118
1501
1614
859
2069
1389
580
837
1526
2329
657
194
718
369
516
2467
91
2460
498
526
1877
303
2414
1815
766
1077
59
1764
2433
468
2420
925
281
327
614
1852
578
943
1091
529
1618
2332
922
1842
800
2318
1468
1314
1333
1578
763
2268
1743
1071
2389
1250
403
1765
1447
1989
1485
1302
692
2029
851
1166
633
1977
2147
1109
1489
1845
871
1968
765
53
138
392
2195
1065
22
302
1583
2068
914
2248
582
1907
2278
532
406
306
1770
874
774
1011
1853
474
1183
727
1695
102
745
2369
1320
1714
2305
1342
2247
869
1688
1439
1457
63
2081
630
1193
1211
1361
19
2325
315
425
1771
587
2328
1237
2301
816
139
247
1572
1760
1233
2236
1532
2140
113
181
51
2245
927
1031
830
740
2249
2333
2464
1274
2488
1442
652
2431
1965
792
921
2203
1629
1874
1954
1904
461
26
608
2105
1790
549
1769
129
1181
351
332
1644
1645
1021
2426
1922
1870
1712
798
1650
1432
1947
1092
200
2492
2210
2415
1172
1979
595
167
769
517
1737
827
1202
912
304
1816
2231
2031
1124
65
1952
1324
910
339
457
1808
1692
856
683
2162
2015
708
794
1811
934
1087
1628
418
185
556
2110
1062
471
2206
1487
2175
1017
519
586
2444
1637
1213
2062
1941
1838
1034
47
152
1894
93
2469
2440
1955
1863
1701
1471
54
1321
1569
269
1242
1534
1304
2400
1128
372
2380
109
712
817
1912
1636
1382
1899
2490
1913
1135
495
2113
850
202
653
426
1555
2027
436
743
2135
1102
2339
1668
1338
1867
2439
1383
2131
1494
1480
604
1804
1657
770
56
494
43
655
2019
325
464
37
67
681
127
647
741
492
253
1982
220
188
1012
424
2347
2343
440
836
1933
481
1682
289
1404
1706
2149
211
616
1833
1872
2118
776
749
1254
446
1357
2418
377
570
2447
698
2394
2390
2034
1557
40
2023
338
1075
757
999
190
2375
2270
1914
752
930
1855
455
1598
292
477
1176
15
2143
1766
1201
1687
667
1794
680
1902
1632
2363
2190
124
1533
1197
1279
1713
1662
924
565
1310
821
1726
2217
2255
196
1001
1768
1917
1560
410
813
778
1574
1865
1783
1405
1681
1180
1144
382
551
663
1724
1767
2091
1266
773
682
1541
1819
2424
1327
1240
2240
2253
1813
502
172
73
2056
896
1141
1649
2317
1620
1157
1336
618
747
2084
134
1204
1538
1038
178
1042
2059
251
2219
1930
62
2048
2423
20
785
2251
2237
1003
9
49
1171
848
895
58
1048
2212
1903
1403
313
148
143
388
754
2014
