2385
778
89
468
1366
1464
244
416
1860
2459
492
1654
2489
2491
1342
822
1943
907
2344
63
1832
453
794
179
211
1199
237
1609
235
1734
1370
323
1613
518
1770
1373
995
1966
661
1890
1223
1212
2058
765
1978
874
93
2478
881
2202
2425
1035
686
1312
2307
574
2078
1680
2388
87
2238
2240
1833
285
399
2387
1837
845
1058
415
110
2043
1948
1428
985
549
2094
504
1625
387
1164
633
710
1875
1607
2098
1540
1193
2199
129
1300
1196
1299
2446
582
2392
1263
1649
1205
847
378
1667
1912
96
1227
1228
1979
2091
392
1437
1872
2024
1170
445
1472
2121
2316
1623
667
2103
2204
162
2327
690
2205
49
1335
2335
741
85
212
2051
965
542
849
1544
2236
1048
1386
1016
1825
8
1151
1664
1181
1878
1392
1648
733
2326
2029
1844
149
785
483
1883
476
803
54
1261
1916
868
850
469
1984
1953
1015
869
616
2081
2154
1283
930
1636
2309
2156
1923
991
2435
2420
2160
994
276
2462
115
2477
1647
298
540
70
194
1949
2248
1306
329
775
2027
1330
84
528
973
2275
1786
568
621
2217
2492
1855
1596
646
227
321
1994
160
901
411
642
259
1257
66
441
956
506
1352
2010
614
1652
795
1542
2414
617
1712
816
2122
585
840
1915
871
98
608
1126
2060
949
1419
810
1483
2450
1479
1422
870
1546
1716
1738
2088
976
1644
1904
2400
230
1384
1931
1962
2402
435
2148
2035
2197
514
2403
88
1271
2356
595
2416
555
2074
639
612
178
836
846
678
55
896
1128
1104
709
159
1735
147
1175
1893
563
1934
452
1455
1945
1031
2291
631
1568
2009
1344
2342
707
1663
2067
2345
2445
1411
1821
3
2444
2018
1041
1830
200
2448
2159
1796
1881
299
838
2177
2263
2198
544
1643
2223
169
107
782
1761
2374
197
1474
873
1782
68
232
300
1013
2125
69
400
472
1046
51
131
439
550
1214
118
380
717
935
1739
645
513
839
1570
2214
668
671
1167
2366
2254
677
732
1188
192
2319
696
963
1379
196
2409
821
1255
1485
267
835
44
1491
1529
310
1036
288
1857
1560
581
1155
384
1867
1619
675
1222
1146
2073
1699
865
1266
1452
2141
1754
924
1603
1498
2182
1781
977
2315
1566
2363
1810
981
1757
43
61
1899
1059
1762
165
103
1933
1404
1772
284
1508
1958
1423
436
2169
73
268
1702
466
2297
277
371
1753
611
430
1631
24
1771
825
461
1823
404
1935
832
487
2441
888
2002
1069
706
17
982
2272
1103
852
47
1029
2295
1133
958
463
1087
2485
1137
1009
546
1166
45
1174
1113
705
1243
157
1187
1218
808
1281
478
1416
1496
966
1669
753
1527
1550
1094
1879
1163
1537
1594
1182
1941
1359
1562
1986
1502
2106
1813
1885
2031
1797
2276
2110
1925
2384
1803
2339
2168
1973
2495
397
303
2340
2011
201
470
685
2419
2104
219
797
1098
2467
2172
266
1282
1709
2187
274
30
1494
1815
2228
344
105
1553
2189
81
356
249
2377
5
233
374
357
515
40
413
589
389
676
158
525
591
437
1010
246
564
1162
942
1178
270
704
1190
1197
1210
362
758
1233
1301
1672
536
800
1288
1471
1752
560
884
1310
1800
1767
603
939
1380
2162
1873
627
1251
1461
367
32
694
1376
1640
494
116
750
1521
1846
1695
495
771
1776
1910
1705
537
798
1985
2213
1780
605
804
1993
2245
2124
745
813
2455
2274
2324
747
892
2323
405
23
760
932
2434
444
391
814
1028
2465
1394
412
979
1089
1584
60
577
1143
1183
1794
464
647
1198
1203
1896
1123
848
1259
1221
2129
1141
1076
1358
1309
2282
1718
1114
1364
1331
2457
1987
1322
1451
1372
1403
56
1539
167
1465
1519
86
1674
567
1565
1581
134
1727
662
1601
1977
240
1802
740
1697
2311
583
1847
743
1704
7
720
1927
823
1721
13
1150
1995
1038
1736
67
1615
2000
1115
1789
100
1952
2376
1119
1892
176
2013
1139
62
2007
254
238
1341
216
2046
376
488
1629
998
2072
402
610
2006
1108
2109
498
637
2346
1308
2194
703
684
2395
1434
2265
974
834
2468
1745
2320
1014
968
1906
74
2371
1110
1124
1983
91
136
1390
1129
2021
108
207
2038
1172
2080
125
294
2087
1276
25
220
319
2231
1277
505
229
370
2312
1446
792
239
628
2349
1460
809
243
648
2413
1515
959
306
654
2440
1555
1160
338
715
2452
1655
1249
418
796
2133
1311
190
456
811
2184
1316
309
489
860
2196
1475
334
553
920
386
1525
368
609
1020
467
1530
952
623
1044
511
1650
1062
711
1078
770
1957
1063
735
1275
799
1965
1096
754
1319
946
2099
1153
780
1326
953
2218
1168
815
1356
1072
2258
1250
824
1357
1509
2308
1642
842
1398
1595
1651
224
867
1478
1768
1732
247
913
1497
1828
1774
250
960
1506
2069
2115
326
964
1528
2146
2426
327
970
1622
2158
396
2
1025
1679
2192
403
10
1052
1730
222
419
41
1082
1804
479
426
154
1138
1834
729
527
248
1248
1914
812
548
281
1272
1992
844
629
348
1296
2030
1517
635
457
1315
2037
1627
656
458
1389
2063
2123
721
777
1402
2102
46
859
921
1456
2118
188
922
954
1548
2140
206
1085
1050
1628
2261
221
1121
1095
1662
2350
308
1285
1135
1685
2469
311
1339
1179
1686
112
320
1368
1189
1711
204
427
1617
1239
1759
214
510
1791
1395
1812
282
521
1871
1482
1909
318
622
1880
1486
1913
345
687
1942
1526
1956
448
772
1972
1533
1976
462
801
2026
1535
2015
465
883
2050
1634
2033
477
1054
2188
1682
2047
562
1127
2242
1729
2117
600
1365
2310
1763
2134
649
1371
1897
2183
34
663
1557
1901
2259
59
910
1602
2216
2277
72
948
1839
2266
2288
141
962
1920
2354
2352
174
1006
2070
2473
2423
271
1074
2075
95
2430
314
1109
2127
181
2461
339
1195
2219
490
2490
360
1369
2296
1018
2499
421
1409
2422
1112
432
111
1420
213
1132
447
161
1590
231
1556
474
295
1610
280
1863
569
312
1653
408
1937
640
322
1656
460
2155
657
423
1683
497
2237
688
519
1696
727
697
541
53
1717
938
730
587
208
1723
1002
828
594
363
1850
1080
915
713
545
1936
1211
917
830
596
1998
1225
919
843
655
2235
1325
978
992
695
2298
1741
1007
1030
701
2429
1793
1022
1107
837
2437
1970
1158
1171
923
2481
2175
1206
1213
950
11
2207
1242
1226
1011
42
164
1256
1273
1066
58
580
1284
1351
1131
94
602
1378
1410
1145
101
666
1393
1450
1169
102
993
1445
1459
1235
106
1720
1454
1531
1302
109
1922
1462
1576
1347
120
48
1468
1577
1350
121
80
1511
1611
1407
127
241
1524
1660
1480
140
279
1554
1684
1495
142
287
1559
1822
1551
144
377
1578
1895
1571
156
398
1593
1955
1588
170
484
1646
2020
1600
171
566
1714
2053
1620
172
682
1728
2054
1658
175
693
1831
2057
1665
177
820
1903
2191
1719
180
914
1905
2239
1811
183
1413
1917
2269
1840
198
1429
2017
2390
1887
205
1439
2065
2407
1907
217
1463
2071
57
2137
236
1773
2107
79
2151
253
1805
2113
82
2165
256
1808
2132
122
2174
272
1989
2149
126
2190
273
2044
2163
155
2241
286
2095
2249
173
2300
293
2131
2270
185
2301
302
2229
2304
218
2378
307
2438
2317
226
2432
317
2480
2358
275
12
331
2415
119
283
78
335
2458
130
289
97
369
2460
242
315
128
379
2475
263
359
150
388
2487
425
364
163
420
509
372
145
199
422
523
390
292
228
429
769
428
333
262
433
841
473
355
269
442
918
508
394
290
446
1215
526
590
296
451
1219
543
619
325
455
1236
547
776
341
475
1267
620
1021
351
480
1287
722
1057
358
491
1314
807
1177
365
502
1323
853
1298
375
507
1424
857
1678
385
524
1447
1039
1746
401
529
1518
1317
1818
440
530
1599
1327
1856
517
559
1877
1426
2093
533
586
1900
1493
2210
552
593
1918
1520
2243
565
615
1929
1561
2244
576
625
1939
1563
2279
658
626
2042
1569
2328
691
634
2145
1691
2336
716
638
2225
1747
2341
731
641
2271
1764
2399
767
643
2471
1775
2474
791
651
76
1806
6
793
652
90
1836
50
826
653
135
1841
166
829
670
252
1902
264
872
672
257
1924
278
877
689
260
1926
316
894
698
409
1964
361
895
699
449
1991
572
988
700
454
2048
579
996
712
538
2056
613
1008
734
554
2135
624
1012
737
606
2267
660
1042
746
726
2273
863
1060
751
855
2292
967
1061
752
864
2334
1142
1064
755
879
1186
1079
0
759
889
1192
1102
14
762
1005
1200
1105
31
763
1097
1289
1130
33
764
1184
1333
1220
35
766
1523
1387
1234
64
779
1549
1418
1237
71
789
1567
1432
1246
132
806
1604
1441
1329
138
854
1621
1470
1334
143
866
1641
1536
1349
151
875
1693
1587
1354
153
885
1731
1616
1401
189
887
1742
1785
1430
223
904
1795
2230
1469
291
906
1801
2289
1514
297
926
1817
2321
1573
305
927
1960
2396
1633
313
934
2016
2418
1760
330
944
2120
1769
9
382
955
2221
1784
27
383
969
2227
1820
37
407
984
2330
1835
39
417
987
2496
1862
75
438
1001
15
1961
83
450
1003
36
2001
133
481
1032
65
2061
146
485
1034
182
2166
148
486
1047
255
2232
152
516
1049
332
2247
168
522
1051
343
2284
184
534
1065
410
2299
186
557
1070
500
2347
202
570
1084
592
2369
245
571
1100
598
2375
265
584
1106
604
2380
342
650
1116
664
2393
352
680
1122
665
2398
353
681
1147
679
52
373
708
1154
725
350
381
736
1156
783
424
395
739
1165
831
561
471
756
1176
851
692
496
757
1201
856
931
501
768
1207
861
997
512
786
1216
876
1088
532
858
1230
882
1093
535
886
1232
903
1159
556
899
1240
940
1247
558
936
1241
972
1355
575
947
1244
975
1442
578
983
1258
1045
1790
588
989
1264
1056
1826
601
990
1274
1117
2045
636
999
1279
1136
2209
644
1000
1286
1144
2412
669
1019
1291
1224
2424
714
1033
1295
1254
2454
718
1073
1304
1262
742
99
1075
1345
1313
749
187
1111
1346
1337
773
761
1118
1353
1374
788
790
1125
1367
1383
802
833
1140
1385
1406
905
929
1149
1405
1467
908
971
1157
1433
1504
909
1120
1194
1436
1505
933
1268
1202
1443
1534
941
1438
1238
1448
1541
951
1876
1269
1453
1635
961
1967
1280
1458
1637
986
2147
1290
1476
1639
1023
1292
1481
19
1681
1026
1305
1484
20
1687
1027
1307
1489
21
1698
1037
1332
1492
22
1743
1040
1397
1516
28
1748
1043
1399
1545
29
1783
1055
1412
1572
77
1819
1083
1417
1574
104
1853
1090
1425
1579
117
1861
1091
1427
1580
123
1865
1152
1431
1586
195
1866
1173
1457
1592
209
1884
1208
1488
1598
210
1886
1229
1490
1612
251
1911
1253
1499
1614
261
1980
1260
1510
1630
301
2039
1270
1513
1645
324
2059
1293
1538
1657
336
2089
1318
1547
1659
337
2096
1336
1552
1692
347
2114
1340
1575
1703
349
2144
1362
1585
1713
393
2173
1363
1591
1724
431
2181
1381
1605
1725
482
2233
1382
1608
1733
531
2250
1388
1626
1737
551
2251
1391
1668
1751
597
2318
1400
1688
1766
607
2337
1414
1690
1777
618
2343
1421
1706
1779
702
2355
1440
1749
1787
719
2360
1449
1756
1792
728
2364
1466
1778
1807
738
2394
1473
1798
1824
774
2456
1487
1799
1829
781
2463
1512
1845
1838
784
4
1543
1848
1849
787
38
1558
1874
1851
805
92
1582
1889
1868
818
193
1589
1959
1869
862
203
1597
1969
1870
878
225
1606
1982
1921
880
234
1618
1996
1928
890
258
1632
2022
1930
897
346
1638
2023
1938
912
406
1671
2025
1940
916
493
1677
2064
1954
928
503
1694
2083
1968
943
659
1700
2084
1999
945
673
1701
2097
2003
1024
674
1707
2105
2004
1053
900
1710
2112
2008
1067
902
1722
2136
2014
1071
1017
1744
2138
2032
1077
1338
1750
2142
2041
1081
1755
1788
2150
2052
1086
1765
1809
2152
2055
1092
2019
1814
2161
2066
1101
2076
1827
2164
2068
1134
2108
1843
2176
2079
1148
2287
1852
2193
2082
1161
2294
1864
2215
2086
1180
26
1894
2280
2090
1185
113
1932
2285
2116
1209
340
1946
2305
2119
1217
434
1951
2306
2128
1231
599
1963
2338
2139
1245
911
1981
2353
2143
1252
980
1988
2391
2167
1278
1068
2012
2401
2170
1303
1321
2034
2428
2179
1320
1324
2040
2180
16
1348
1375
2085
2185
18
1361
1408
2092
2195
124
1396
1501
2111
2203
137
1415
1564
2200
2222
139
1435
1661
2224
2234
354
1477
1882
2246
2255
366
1500
1898
2253
2256
520
1503
1947
2281
2264
539
1583
2005
2302
2283
573
1624
2126
2313
2322
630
1670
2171
2329
2325
744
1675
2206
2331
2332
819
1676
2357
2365
2333
827
1708
2361
2367
2348
893
1726
2368
2373
2359
898
1740
2386
2381
2383
957
1758
2479
2382
2389
1004
1888
2488
2404
2405
1191
1919
114
2431
2406
1265
1944
215
2439
2408
1294
1975
304
2443
2411
1297
1997
499
2449
2427
1360
2028
891
2453
2433
1444
2049
1099
2470
2442
1507
2077
1343
2493
2464
1532
2178
1377
2472
1673
2186
1
1689
2482
1816
2211
414
1715
2484
1974
2252
459
1854
2486
1990
2257
632
1891
2494
2062
2260
683
2036
2498
2101
2262
723
2100
2130
191
2268
817
2153
2157
328
2303
925
2201
2220
443
2351
937
2208
2278
724
2370
1328
2212
2290
748
2372
1522
2226
2314
1204
2379
1666
2293
2362
1842
2397
1858
2436
2417
1859
2410
1950
2476
2447
1908
2421
2286
2497
2451
1971
2483
2466
