477
2046
1951
333
2497
2429
4
453
1401
362
1972
1856
1841
292
844
1026
1486
2042
2199
225
590
2067
651
1944
1664
279
61
1085
1049
1278
2194
1935
1746
520
471
2137
1995
990
858
424
2324
956
125
580
1671
2469
2254
778
2287
1644
2180
1958
845
782
1577
617
2178
917
1494
1287
180
1441
401
1913
786
816
374
1662
1033
2289
1488
1645
1809
266
1151
2476
73
628
1417
1843
2473
1698
1503
417
1497
622
310
909
1017
975
553
1813
1378
1769
1476
1929
2126
687
1889
256
1651
594
299
1008
881
574
699
817
1602
69
2421
754
1970
722
415
1127
1779
361
1336
2496
464
653
551
188
1557
1201
1043
1859
1474
914
1783
1269
41
2259
2223
964
295
748
1419
1223
2419
2300
870
1374
696
1775
1428
851
1959
1156
1359
2172
804
6
2371
559
2491
2127
1738
1399
1443
1736
1289
1340
2423
860
588
767
937
2068
315
1116
790
1872
1265
568
1285
630
154
113
1885
1010
2464
611
24
1668
1335
1113
2386
1869
2305
158
1466
1345
572
469
1323
1069
416
461
1225
698
66
13
892
1112
2152
2351
1758
524
1888
428
2270
1347
101
1589
1729
1155
162
1611
577
648
161
2133
905
2274
1180
1559
2329
285
2239
340
2319
984
58
2014
1061
78
1792
2345
625
2242
585
2185
1132
2309
2163
1799
1427
36
1918
961
556
81
472
1828
1104
2483
120
2435
1579
939
638
2486
283
1772
934
396
2145
1871
803
753
2008
1710
660
949
147
1832
647
1825
440
2125
593
1694
1435
2272
1240
591
164
2288
1413
1893
1916
980
1633
815
2413
11
751
502
1091
2112
2082
532
2342
1815
1777
1237
2275
891
1175
637
1482
1473
99
2227
1031
2465
1461
1270
1596
1591
578
1330
193
240
1174
702
602
363
1978
1514
80
2293
552
2485
82
694
291
1395
484
1014
2278
1504
1256
146
1150
1074
97
212
307
962
1462
479
329
823
2296
1756
1975
515
1759
714
1459
2130
2029
1446
1479
1720
1346
460
1979
1147
2271
2383
470
2031
1281
2307
1700
481
216
443
2103
1797
1376
1072
2340
2181
2105
1773
328
1271
1432
2071
2251
921
2024
2468
249
336
906
2066
2258
451
1255
70
1425
259
490
2168
1388
1927
1928
1253
466
674
1166
170
517
2466
134
1205
1754
2116
2302
1082
963
991
368
35
1329
468
1590
297
1267
2158
398
901
1164
1605
2174
166
2247
330
2328
1762
2472
1949
394
2087
1257
355
1985
1021
10
1723
14
2414
227
969
669
695
2332
2314
407
1254
1396
861
509
1912
928
1953
2139
1805
1057
566
1348
770
233
1279
442
1896
1034
129
1053
2370
1686
1718
1665
2246
1748
2188
1519
1657
1249
2250
305
1827
1842
2038
1636
922
265
1914
489
319
1648
2444
857
2023
495
1436
1811
2432
300
1288
923
1643
2484
2149
245
743
411
1030
2478
731
1770
1639
248
875
614
1617
1527
1464
2416
2273
885
1641
1628
357
1238
1126
712
605
346
1217
1844
609
1722
1877
800
996
1036
1235
2006
862
1245
2225
156
944
2083
796
1802
435
830
876
2019
704
657
536
186
1366
1681
1702
223
314
1042
792
992
103
1295
145
1709
138
122
2093
1208
372
1011
2471
2445
1103
2034
253
1305
1563
40
1089
1404
2255
1511
1865
1228
1101
1849
47
678
641
410
1911
2339
1075
379
1795
2249
2438
2213
2377
1699
2411
863
1853
2177
633
2113
2146
1794
448
1919
549
1463
1796
136
1908
2490
927
507
1820
1094
2488
1356
639
39
1328
1920
2140
16
1483
933
318
2004
1882
1675
1087
1478
243
1599
1874
173
706
1620
2220
1786
437
802
1302
1475
412
2128
2376
2041
1248
904
296
1740
777
1088
1415
377
1213
634
757
2208
601
1218
1163
828
1965
1618
2407
42
1894
2049
1750
1548
1139
1037
855
720
1812
1357
254
2237
621
1327
1578
847
1634
71
806
2063
384
1493
2150
1533
2365
953
599
1810
1906
1976
1187
1083
2054
2400
942
2081
18
2347
1554
76
2338
1543
2263
735
106
1835
526
1587
457
1852
2064
2318
1064
19
271
200
947
1910
1515
1449
1170
2160
1177
677
741
1556
1003
1791
2360
1778
1007
268
1788
1386
818
811
1135
1258
1384
528
2252
320
399
1891
824
1243
1784
1945
501
1304
1453
1334
1118
1095
2051
745
2131
920
1221
836
459
1040
569
54
2086
1039
565
387
1781
1416
835
2235
109
805
1905
2477
342
1606
2036
50
2418
358
1584
1391
1582
663
1964
1383
2402
1025
1350
189
211
1855
267
1354
157
1631
1942
2458
1109
1324
765
1867
813
2193
294
436
1938
1780
2118
2088
742
2373
124
1565
1276
365
1412
1708
1297
2285
940
1060
395
2069
1594
94
2291
1117
1303
1986
15
616
1789
583
236
100
763
1826
1544
1286
2198
1673
1145
654
2389
1806
196
1873
1108
496
1001
1339
1364
829
2123
425
1553
1574
575
1529
764
2053
1663
1140
1642
877
2346
584
12
749
1440
1284
1933
2401
153
326
1701
1369
1655
1730
910
234
846
226
1705
680
554
1314
1580
2050
317
537
597
433
2106
2395
1768
1318
1685
629
1212
2361
756
1690
924
710
540
1343
174
87
237
508
798
896
1980
514
400
1943
181
371
1666
1505
2119
1726
26
1509
1239
1903
1931
772
1320
539
889
135
1186
727
2166
773
441
1549
2282
1262
1831
1055
169
327
808
397
406
538
809
1973
2301
854
1847
2058
2426
1018
1703
966
2313
2390
2415
1300
2143
1038
1695
560
456
732
2221
596
221
755
525
652
1191
2089
1086
351
1219
121
938
323
1887
220
1542
2406
2033
1179
483
650
1472
2151
1724
1092
2173
533
79
72
2312
1868
1259
579
1379
1990
2367
1895
2026
1507
1195
867
619
2391
2204
341
1331
1231
670
1124
2196
918
1260
1880
1739
1760
206
1623
504
2494
2451
1528
2028
1065
2074
311
784
607
1669
1016
2138
608
672
1541
2425
856
1627
2216
1431
512
615
386
141
1776
2190
820
1804
586
697
215
1015
595
2456
1861
1020
1539
1660
1185
2366
74
976
930
646
152
1984
1397
689
2244
255
955
1566
2211
1481
1952
429
821
1216
2474
874
1445
1266
2368
2436
2355
273
1733
2308
1704
57
274
1298
2354
822
2191
2322
1939
1211
163
2475
1819
132
2214
1196
2016
2135
750
2443
1969
2280
503
683
1035
393
195
49
2304
709
529
1242
1455
725
1421
1291
1183
1900
762
2192
673
1152
1224
1745
488
2045
1569
1884
34
1406
83
408
522
1800
1851
1290
564
391
1691
1093
2334
2441
1079
2381
1059
776
1764
304
1994
1593
1907
1787
160
543
873
2228
1411
717
2215
768
1470
1562
729
1149
1408
977
1687
1661
2327
1073
1294
2447
688
203
866
2240
721
2147
719
2096
1968
902
31
1674
2057
2226
492
1782
497
289
2357
1696
1229
1129
2375
1848
1798
1119
2092
1614
573
1438
1747
1508
2277
1051
1613
1222
691
2015
740
1230
2450
1351
2020
1448
715
1272
1423
359
747
1349
582
1857
1568
1600
119
431
204
2437
2176
703
1741
1653
2044
1456
736
2206
373
115
2388
172
2422
518
185
1120
1125
2132
2321
1306
1045
2136
880
409
1024
2212
1630
2279
636
1737
382
929
1452
787
550
1389
1721
2075
995
2059
1678
1311
833
1367
1656
282
210
506
523
1684
251
1168
1632
900
2186
32
348
46
658
60
959
1854
2182
2170
2037
979
385
886
1567
2070
67
2248
626
2341
1850
604
1626
926
666
2344
1047
2120
298
752
1006
17
2378
1711
426
1955
1368
405
1182
1667
707
1283
1058
2350
2154
197
1392
570
2222
1719
2369
1128
1833
562
213
2364
2159
897
127
1172
9
2109
1560
1774
1154
2091
623
2405
1352
510
419
2257
724
2290
864
1136
2003
2097
894
954
313
2392
799
1390
2448
1430
2111
491
826
114
2207
184
293
1192
711
2394
308
2267
1067
1492
1818
1484
2052
1169
278
1561
1362
2286
2294
667
239
44
2461
958
465
209
1046
1027
1491
284
785
746
475
151
1342
2374
1890
1028
2002
447
2085
1496
982
1960
89
1727
1398
827
7
2184
2234
2001
1250
1165
2440
2005
1263
970
2060
252
238
2336
1490
561
427
1467
98
974
356
306
2326
446
983
2396
1659
338
1000
1044
1301
309
1029
339
531
104
1988
843
2110
1909
2187
1111
480
1706
2481
986
567
383
780
178
1683
1308
455
1525
951
2100
513
302
2337
63
2453
1803
369
1646
960
105
839
288
454
878
499
1897
2217
2266
2210
2446
1823
1099
1513
1654
1523
2043
1824
1530
198
2315
331
812
2114
1062
998
668
53
139
403
2348
1932
2124
2269
3
718
613
1106
68
2455
2129
948
2480
1609
1439
1153
1181
779
1763
1197
38
1454
486
175
831
1946
281
218
945
1041
1198
2463
337
2299
1915
1546
62
2134
1923
2243
2099
1650
1564
895
1992
1429
1173
2303
935
2295
1203
1146
0
999
2189
261
859
88
693
1437
1761
2162
1757
2241
241
108
1261
1595
48
1068
444
1363
972
439
1160
1846
1585
1232
1808
1355
1999
2325
1442
2156
774
635
1707
558
899
1670
1531
1158
781
55
1307
2073
2218
260
2470
43
1993
354
1619
75
1744
450
208
1005
527
1325
86
1375
276
1581
1403
733
1184
2167
1292
1937
1755
530
1735
2040
1204
2078
734
903
1904
853
1485
112
1598
366
1326
143
872
422
2205
246
1647
264
1612
2495
1692
1210
1480
1689
1624
541
1070
775
2030
788
1752
2428
231
606
2281
1280
642
1679
2117
662
2233
280
137
1785
2013
8
165
1834
2183
102
2460
1517
1316
1926
2179
1793
257
1521
587
730
1592
1510
1321
965
1997
1414
1382
837
1465
2412
438
612
1273
1625
1373
555
655
758
2256
2493
270
1422
2
1864
2316
449
1315
1312
168
850
1982
1767
2115
2427
332
1680
1236
865
2007
1400
2032
2284
140
1966
244
1114
932
51
1570
898
1032
376
324
1341
1371
1866
2164
1487
2439
1171
334
1518
1936
90
1616
1209
1246
65
783
388
1922
1148
381
1610
1712
1545
946
1377
1766
2262
191
1924
1917
1961
229
723
1940
943
1734
1537
177
1858
739
321
1948
1532
737
1133
2048
142
1963
769
1991
325
130
915
1540
1520
2098
534
500
2200
973
84
936
1012
1522
434
21
2433
2076
1839
893
370
2238
485
671
1607
421
1838
133
2055
581
1107
644
685
1167
1572
1713
1468
85
2017
1299
1956
1076
2489
1875
1080
592
1845
2265
1765
187
1604
2201
868
1332
2482
1233
2384
2276
22
33
2157
235
432
2175
343
814
1190
150
29
627
1353
1816
45
1457
228
1902
155
2056
884
1947
1444
834
1575
1358
1137
2084
1672
1138
2077
1876
1096
2108
2229
462
2320
624
159
869
1714
1498
1372
931
126
1749
1418
535
2101
1558
1159
656
2431
1056
598
1176
116
474
2219
1693
664
907
303
1274
352
675
123
2492
2102
521
519
1
1123
111
482
360
192
690
2039
2148
1394
1538
1264
277
679
842
1244
1934
2380
2343
797
2424
632
1489
1550
1524
478
1081
676
659
1022
2398
1652
1899
2310
1500
2317
1361
390
1536
1385
1447
2323
1998
2260
2062
692
1296
467
1715
1134
2292
2372
2022
1215
1188
795
1023
487
1048
1682
708
275
2144
738
1977
1121
2203
988
908
661
1313
1194
1200
199
2094
1535
1921
511
473
649
700
93
1251
1282
1460
925
600
128
1317
463
1050
1526
1337
993
1621
1360
643
2331
1495
1409
1881
760
971
498
1753
2236
1597
2363
2027
807
1716
1405
726
2479
1830
701
232
201
1110
1829
322
1365
389
2434
110
557
684
92
744
1141
1501
1925
1214
1450
2442
2253
981
1790
2335
1801
179
263
91
1697
2171
2379
1552
576
1717
883
52
2107
1178
107
759
2169
286
997
2382
1097
1603
2261
950
493
1162
840
1458
1817
1836
1420
2417
1410
2399
182
832
64
2209
2498
1252
838
1640
1547
2467
548
1551
20
1512
1615
205
2224
1407
430
603
912
2155
2454
1637
1402
2142
2230
171
542
1743
2035
1293
1516
871
1974
1822
404
1677
913
640
919
882
287
2403
1380
375
242
214
2264
1840
2197
1144
1658
1725
968
247
1013
1122
1310
2356
1996
682
167
810
2408
1676
2487
1878
1886
2104
2011
1084
547
1052
402
545
2311
887
269
2306
1131
350
1344
494
59
771
571
1649
1821
2393
2349
1078
1227
713
989
1319
1234
2499
1433
563
1100
911
1863
2268
2080
852
716
1004
2410
2153
2010
2121
2452
1732
2298
1499
1098
2387
2420
1451
1071
2090
316
1105
819
1019
378
1862
941
2409
1333
1638
1206
1989
890
2404
207
95
1751
56
546
801
380
1583
1502
367
1381
1009
1193
1870
1629
230
290
1142
879
1981
96
888
345
1247
458
1941
610
2141
37
2065
1471
222
413
1268
149
1967
544
631
1987
28
2025
1202
1983
2462
620
301
1077
1879
761
2385
2061
2018
686
2297
705
414
849
77
1573
2165
312
987
1338
183
25
1090
2161
445
217
224
681
2232
272
2283
645
1370
1860
1506
219
1814
1199
848
1322
2352
1622
176
1898
27
30
335
144
262
5
1731
2072
1424
1601
423
1309
1102
1241
250
258
1207
1571
476
825
420
1930
2021
1950
2122
131
23
1957
665
789
1387
957
2231
2000
978
2330
1063
344
1962
952
1220
2195
1143
1688
1586
2397
1807
1054
148
2012
1892
1954
2047
1277
118
2449
505
1771
190
1002
2245
1901
1115
1469
1189
2358
2079
2333
728
353
1742
1275
766
1157
1728
793
2430
392
2009
2459
994
2457
618
364
1426
2359
2095
452
791
1883
2362
117
1434
347
589
1588
516
1576
1534
916
1555
967
1161
349
2353
1635
841
1971
418
1226
794
202
1837
1393
1608
1066
2202
1477
1130
985
194
