2497
2496
2493
2487
2486
2488
2483
2480
2477
2467
2482
2476
2470
2464
2462
2475
2474
2469
2461
2460
2472
2468
2456
2454
2452
2458
2453
2445
2442
2438
2451
2449
2441
2439
2437
2443
2433
2430
2424
2406
2440
2428
2423
2416
2404
2432
2425
2422
2407
2398
2431
2421
2409
2405
2382
2417
2411
2403
2384
2362
2402
2401
2374
2372
2340
2394
2370
2368
2364
2319
2383
2361
2358
2355
2311
2379
2357
2353
2338
2293
2376
2352
2349
2334
2292
2367
2343
2331
2330
2255
2366
2341
2329
2313
2253
2365
2326
2290
2287
2184
2354
2316
2282
2262
2178
2333
2314
2281
2260
2157
2328
2306
2276
2256
2154
2327
2298
2271
2240
2137
2324
2286
2266
2193
2088
2323
2284
2230
2176
2083
2321
2277
2220
2160
2082
2320
2263
2195
2153
2059
2308
2257
2191
2146
2046
2307
2245
2183
2135
2042
2296
2236
2181
2131
2028
2275
2218
2179
2122
2015
2252
2213
2166
2116
2014
2251
2212
2149
2098
2008
2249
2202
2140
2091
2005
2244
2186
2138
2086
1988
2238
2182
2113
2078
1970
2237
2175
2107
2043
1961
2234
2172
2103
2033
1951
2233
2171
2093
1997
1948
2232
2159
2079
1956
1939
2226
2147
2074
1950
1934
2225
2145
2045
1940
1913
2223
2144
2034
1938
1911
2221
2139
2032
1925
1881
2210
2128
2013
1921
1871
2209
2127
1993
1904
1837
2206
2114
1971
1900
1828
2204
2112
1952
1893
1821
2192
2095
1910
1892
1806
2189
2090
1906
1873
1801
2188
2085
1894
1859
1787
2187
2075
1886
1833
1778
2185
2072
1879
1802
1757
2180
2069
1865
1793
1738
2167
2067
1861
1782
1734
2155
2058
1822
1736
1725
2136
2056
1813
1723
1714
2134
2052
1799
1715
1704
2117
2037
1781
1709
1703
2115
2010
1772
1707
1701
2109
2009
1771
1702
1676
2108
2004
1731
1690
1654
2106
2002
1706
1686
1640
2104
1990
1694
1685
1636
2100
1989
1682
1675
1621
2096
1981
1672
1662
1620
2087
1969
1665
1659
1605
2084
1964
1648
1637
1595
2081
1962
1639
1631
1592
2064
1955
1626
1618
1575
2061
1953
1587
1569
1563
2060
1947
1565
1552
1540
2055
1946
1561
1548
1532
2050
1945
1546
1539
1522
2036
1944
1543
1537
1515
2031
1942
1535
1504
1495
2030
1941
1530
1490
1489
2016
1936
1529
1474
1459
2011
1932
1527
1461
1447
2007
1919
1519
1445
1432
2001
1912
1516
1435
1425
1998
1909
1509
1408
1406
1995
1905
1499
1407
1371
1986
1902
1486
1392
1346
1985
1890
1485
1390
1318
1980
1889
1484
1379
1280
1972
1887
1475
1365
1269
1968
1878
1460
1360
1265
1957
1864
1439
1317
1260
1949
1856
1426
1311
1221
1937
1853
1422
1307
1220
1935
1846
1413
1304
1216
1929
1845
1402
1297
1164
1927
1843
1400
1293
1160
1924
1841
1399
1273
1147
1920
1838
1382
1255
1145
1916
1831
1376
1250
1126
1908
1830
1375
1242
1117
1907
1826
1374
1235
1102
1903
1817
1352
1225
1090
1899
1805
1327
1211
1087
1898
1800
1316
1200
1080
1896
1796
1303
1195
1079
1891
1795
1300
1189
1076
1888
1792
1287
1182
1046
1875
1775
1276
1174
1038
1858
1774
1270
1168
1031
1857
1756
1263
1162
1020
1852
1749
1252
1157
1013
1844
1748
1251
1155
1001
1835
1747
1230
1143
993
1834
1739
1224
1135
973
1825
1722
1212
1129
960
1815
1718
1192
1110
935
1812
1712
1191
1097
926
1807
1691
1159
1095
925
1804
1687
1140
1091
917
1798
1684
1123
1055
892
1794
1683
1105
1051
890
1791
1680
1065
1045
884
1783
1669
1022
1019
852
1769
1658
1021
1018
846
1768
1655
1017
1011
841
1766
1653
1007
998
837
1765
1647
994
978
836
1764
1616
992
970
828
1760
1606
991
951
802
1751
1594
972
924
796
1745
1590
943
921
793
1743
1574
934
899
778
1742
1573
930
869
771
1737
1567
919
849
762
1726
1566
916
843
756
1724
1559
888
820
753
1717
1558
883
816
747
1711
1556
868
810
731
1705
1547
839
799
728
1692
1526
824
790
707
1689
1525
822
759
706
1664
1520
817
755
646
1663
1511
806
721
611
1652
1498
782
719
600
1638
1497
776
716
591
1632
1493
763
702
532
1627
1476
748
685
527
1619
1472
722
682
523
1617
1469
704
679
489
1615
1468
694
674
483
1614
1457
684
670
465
1612
1456
661
656
447
1604
1452
657
655
445
1603
1437
652
632
439
1597
1434
648
624
407
1591
1433
645
563
400
1583
1428
640
558
399
1582
1384
639
544
359
1578
1373
633
543
356
1571
1372
608
537
331
1557
1370
583
535
328
1555
1367
574
510
318
1554
1366
562
475
269
1550
1362
561
471
260
1549
1354
555
467
234
1544
1347
547
464
209
1524
1343
525
460
202
1518
1338
498
448
200
1510
1336
497
444
174
1487
1335
496
442
170
1481
1334
493
429
140
1471
1325
469
428
139
1450
1324
436
426
136
1449
1312
420
417
132
1448
1309
409
405
123
1441
1306
394
374
117
1436
1302
373
370
35
1429
1301
369
358
25
1427
1292
347
342
20
1423
1286
346
332
1624
1415
1275
344
327
842
1409
1264
343
310
1505
1403
1248
341
309
2386
1396
1229
334
295
2000
1394
1228
300
292
1483
1391
1218
290
279
815
1389
1205
277
272
621
1386
1204
274
263
1190
1385
1184
268
253
65
1383
1180
255
225
93
1378
1175
243
204
111
1357
1171
222
183
2315
1348
1170
194
178
1120
1337
1156
190
166
1895
1332
1154
180
163
2448
1323
1153
162
124
271
1299
1149
154
110
1451
1281
1136
138
107
1480
1279
1131
129
88
176
1278
1124
118
85
1609
1274
1114
94
81
1528
1271
1082
78
72
1992
1268
1074
75
70
1649
1262
1072
56
53
2163
1240
1070
51
49
775
1236
1069
44
6
1098
1231
1067
42
2196
1238
1215
1054
39
2450
150
1201
1040
36
1633
974
1198
1029
26
361
308
1197
1026
2
1419
1290
1186
1023
813
1150
939
1178
999
401
664
486
1176
976
803
2489
248
1173
968
74
217
1507
1166
962
908
323
1562
1146
958
223
2168
1169
1142
953
1623
1700
378
1139
942
1635
569
350
1137
933
1359
7
134
1133
923
1284
804
1541
1118
898
184
2388
1901
1111
897
1144
2217
1958
1103
893
727
1414
786
1099
864
665
2273
2130
1093
856
1678
769
2025
1088
830
101
345
2250
1086
819
1056
1991
931
1081
818
1699
1181
695
1062
814
878
416
1746
1050
808
1767
663
270
1043
807
1577
507
956
1041
789
936
1585
2413
1033
784
1720
2377
1780
1002
783
1453
539
2300
1000
777
699
1719
143
997
770
959
2198
2051
980
768
2071
1503
1897
977
752
2336
2246
2141
971
741
1138
821
453
965
739
287
865
281
963
737
667
961
1473
946
734
422
1752
463
945
733
482
385
2304
944
730
2272
2219
1257
941
720
986
2229
605
929
718
1259
325
135
927
708
1037
410
402
920
705
40
362
256
915
687
1531
1132
1049
912
680
909
2288
688
902
671
1057
2089
572
896
660
1667
1148
66
895
651
2342
1713
2337
887
642
1982
1975
1247
874
641
1109
2283
311
873
638
1196
530
187
872
619
1610
1073
2478
867
617
1579
2484
2473
861
614
418
2375
2463
860
607
1222
566
2447
853
599
1412
2177
2436
845
597
609
1848
2434
838
592
1165
2073
2400
811
590
286
1727
2399
794
586
2259
2150
2395
788
584
1470
2363
2393
774
568
95
1824
2380
764
554
620
1602
2373
758
553
2390
156
2369
751
549
131
833
2360
745
538
2077
546
2297
735
529
2408
1
2295
717
520
1954
604
2289
709
514
886
1870
2285
703
513
829
995
2274
700
508
1053
1589
2267
681
505
1965
1209
2258
677
474
1227
2498
2248
675
466
1492
2495
2247
669
459
1763
2444
2235
668
458
2499
2419
2216
659
449
2494
2415
2211
653
446
2492
2391
2200
650
443
2485
2371
2197
649
440
2481
2351
2158
647
434
2479
2335
2152
643
430
2457
2309
2148
630
421
2455
2278
2142
629
415
2446
2270
2132
626
408
2429
2268
2123
625
395
2427
2265
2118
615
380
2420
2254
2111
610
376
2414
2243
2105
603
372
2410
2228
2099
595
367
2397
2222
2092
578
363
2392
2207
2049
577
355
2387
2201
2040
573
351
2385
2199
2029
570
349
2348
2194
2027
559
336
2347
2169
2022
556
330
2344
2164
2006
548
329
2322
2120
1996
528
326
2317
2080
1994
526
317
2305
2076
1978
524
315
2303
2070
1976
522
313
2302
2065
1960
521
312
2294
2048
1959
518
303
2291
2047
1943
509
298
2227
2041
1933
501
294
2224
2017
1882
500
293
2205
2003
1874
487
284
2203
1983
1872
481
283
2190
1979
1867
480
265
2174
1973
1863
479
261
2173
1967
1840
478
259
2170
1918
1823
468
257
2165
1915
1820
455
252
2156
1884
1816
454
250
2151
1880
1810
452
241
2143
1869
1809
451
240
2133
1868
1808
450
239
2129
1855
1803
423
238
2121
1854
1788
414
236
2102
1849
1777
411
235
2101
1819
1776
397
228
2097
1797
1773
392
221
2068
1784
1761
388
215
2066
1759
1750
387
214
2063
1754
1744
383
211
2054
1741
1730
379
210
2039
1729
1716
377
208
2035
1721
1696
368
203
2023
1695
1681
366
197
1987
1674
1666
353
185
1966
1671
1656
339
177
1926
1660
1646
335
171
1923
1657
1625
306
149
1922
1644
1611
304
148
1917
1642
1598
302
147
1885
1634
1593
291
128
1877
1630
1576
280
120
1876
1629
1568
275
115
1862
1628
1553
273
114
1850
1622
1533
267
99
1847
1613
1514
264
96
1842
1608
1513
251
92
1829
1607
1512
247
89
1827
1588
1508
244
82
1811
1564
1496
242
69
1785
1545
1491
237
68
1779
1536
1482
232
62
1770
1478
1464
229
52
1762
1477
1463
219
37
1755
1458
1446
212
22
1753
1443
1438
198
21
1740
1442
1430
196
15
1728
1440
1416
195
14
1710
1421
1405
188
8
1708
1418
1404
186
5
1698
1410
1401
172
1661
1693
1393
1380
167
437
1688
1369
1364
165
64
1679
1363
1361
164
2466
1670
1358
1341
161
565
1650
1355
1340
159
141
1645
1350
1315
155
1963
1643
1344
1314
137
18
1599
1331
1310
126
1586
1584
1326
1305
125
438
1580
1321
1296
119
743
1572
1319
1295
109
2418
1570
1313
1289
102
1581
1551
1291
1253
98
949
1542
1288
1245
91
2426
1534
1258
1243
87
1294
1502
1239
1237
86
24
1501
1232
1223
84
2435
1488
1219
1203
71
142
1467
1213
1194
63
1177
1466
1199
1188
59
2110
1454
1193
1179
58
1651
1444
1187
1167
54
922
1431
1185
1134
50
1930
1417
1163
1127
47
2038
1411
1161
1122
41
2491
1398
1152
1119
29
2350
1397
1141
1115
13
2389
1387
1130
1107
2299
2279
1381
1128
1094
876
38
1368
1125
1078
485
1814
1356
1108
1075
863
2062
1353
1101
1068
11
1789
1349
1100
1059
1479
23
1342
1089
1042
1063
1106
1339
1084
1039
1424
457
1333
1083
1032
2214
2020
1322
1077
1030
2332
31
1283
1071
1028
1977
713
1266
1061
989
1246
2119
1261
1060
983
725
1048
1244
1044
981
103
1677
1241
1035
967
2310
1377
1234
1027
964
901
1914
1233
1015
955
613
1151
1226
1009
952
1668
419
1217
1008
948
2318
106
1214
1005
938
616
966
1207
1003
932
3
1172
1158
990
928
954
760
1112
969
905
1308
587
1096
950
885
1641
160
1092
937
882
297
1006
1085
911
881
2356
2471
1066
910
880
676
2359
1064
907
870
2024
32
1047
904
848
503
2053
1036
903
847
386
2396
1024
879
840
79
2465
1016
875
835
900
2412
1004
871
834
1025
2381
988
866
826
2057
2345
987
862
825
192
2312
985
858
809
1883
2301
982
855
800
1832
2280
957
854
791
2459
2261
940
844
767
2490
2241
914
827
766
2378
2231
913
805
746
2346
2162
889
795
740
2339
2161
877
792
736
2325
2126
851
754
715
2269
2124
850
742
712
2264
2094
832
732
697
2242
2018
831
726
689
2239
1974
823
711
658
2215
1928
812
701
644
2208
1860
798
696
634
2125
1851
797
692
623
2044
1839
787
686
612
2026
1818
781
673
602
2021
1786
780
666
601
2019
1733
779
662
598
2012
1600
772
654
594
1999
1560
761
635
581
1984
1538
757
627
580
1931
1523
744
606
576
1866
1521
738
596
560
1836
1506
724
589
552
1790
1500
723
588
550
1758
1465
698
579
545
1735
1395
691
557
533
1732
1388
690
542
516
1697
1345
678
541
502
1673
1298
672
536
495
1601
1285
622
517
491
1596
1267
593
506
484
1517
1210
582
504
472
1494
1208
575
499
470
1462
1183
571
488
433
1455
1113
567
476
431
1420
1104
551
473
425
1351
1058
540
461
412
1330
1014
534
427
406
1329
1012
531
404
403
1328
1010
519
398
393
1320
996
511
396
381
1282
975
494
391
365
1277
906
490
390
360
1272
894
441
382
357
1256
891
424
352
340
1254
859
413
348
333
1249
857
375
324
322
1206
773
354
320
316
1202
750
337
314
288
1121
749
321
305
276
1116
637
319
289
231
1052
636
307
282
226
1034
631
299
262
220
984
618
296
258
199
979
585
285
254
193
947
515
278
249
191
918
512
246
245
189
801
492
233
206
181
785
477
224
175
169
765
462
205
173
158
729
389
201
168
146
714
384
179
145
144
710
371
153
127
105
693
364
152
121
100
683
301
133
116
67
628
266
130
112
61
564
227
122
104
60
456
218
113
97
57
435
216
108
90
48
432
213
83
45
43
338
207
80
33
17
230
157
76
30
16
182
151
46
28
12
77
55
27
19
10
73
34
9
4
0
