23
26
40
60
70
44
55
66
67
87
49
63
69
99
166
54
65
74
128
174
84
86
93
157
403
111
113
142
176
426
119
131
179
259
439
134
155
187
299
558
162
165
248
469
582
173
188
321
475
605
201
215
389
540
635
219
221
391
646
685
222
276
457
657
715
242
277
468
717
724
257
283
472
750
776
285
298
478
792
808
287
338
494
794
811
311
354
514
802
813
320
359
595
814
873
380
392
642
836
920
427
428
691
839
1003
434
456
731
888
1035
444
461
790
959
1074
445
464
846
978
1164
466
519
869
1016
1183
500
568
907
1041
1204
511
574
924
1043
1214
521
591
935
1143
1223
580
608
950
1181
1330
583
711
977
1243
1373
592
732
981
1249
1452
599
735
991
1259
1484
602
824
994
1281
1528
614
845
1042
1316
1544
622
857
1050
1419
1612
637
874
1062
1422
1636
645
913
1063
1451
1656
682
1009
1086
1464
1730
693
1052
1110
1475
1792
704
1082
1170
1524
1851
758
1113
1234
1530
1892
769
1119
1239
1539
1904
770
1123
1268
1554
1943
820
1193
1312
1560
1971
821
1218
1350
1578
2067
825
1255
1359
1607
2090
832
1263
1386
1613
2098
840
1297
1423
1619
2102
841
1335
1455
1699
2118
844
1392
1471
1735
2121
856
1461
1486
1746
2189
903
1519
1563
1754
2194
911
1533
1594
1788
2197
918
1540
1596
1818
2204
938
1568
1667
1899
2322
968
1573
1685
1917
288
993
1623
1759
1958
2429
1002
1642
1806
1966
1566
1036
1652
1812
1984
1823
1048
1680
1910
1995
1020
1054
1719
1926
2000
1736
1058
1726
1948
2021
2046
1068
1771
1956
2026
2235
1097
1821
1976
2058
1807
1127
1833
1979
2065
1872
1133
1837
1986
2081
2385
1184
1860
2006
2103
560
1187
1863
2010
2107
1789
1205
1876
2031
2113
1992
1215
1881
2033
2132
616
1219
1901
2047
2263
752
1224
1935
2048
2276
2265
1254
1949
2073
2309
2078
1267
2002
2141
2326
1855
1276
2027
2159
2342
160
1287
2043
2238
2344
388
1314
2094
2316
2402
2319
1321
2124
2363
2458
1089
1323
2178
2403
2462
101
1338
2198
2434
169
1868
1343
2231
2461
998
422
1374
2268
2465
1905
47
1375
2272
2490
1285
416
1394
2275
553
474
2240
1406
2295
1902
2163
1028
1460
2349
780
1198
1013
1483
2378
1490
1029
1146
1504
2393
2425
1441
2234
1521
2426
2223
2242
1498
1546
2454
312
62
212
1564
2489
671
197
2037
1602
2237
1139
629
1353
1615
545
323
1342
1370
1627
2115
274
2310
110
1635
518
244
901
1762
1648
267
722
2445
2261
1661
1401
57
1391
1244
1715
2232
963
1745
1709
1742
1705
2248
1434
3
1755
865
2134
686
5
1770
2452
1576
967
11
1782
1663
1190
985
17
1793
10
1212
1160
42
1828
1163
1867
394
58
1883
1132
815
1511
94
1884
921
1162
979
102
1886
1120
167
2106
106
1890
1937
870
1470
109
1896
550
2495
399
112
1918
1061
2093
2245
115
1920
833
1796
1310
120
1931
1702
640
126
121
1947
803
1802
1499
127
1952
228
919
2395
136
1973
1209
1085
1662
140
2011
154
1525
1640
144
2013
1820
2218
1411
156
2035
785
1827
1775
158
2044
375
2243
2183
170
2100
1571
1677
374
171
2104
1830
2249
185
172
2123
954
34
1491
175
2153
1011
1983
1025
177
2160
1753
1090
1857
180
2184
761
1650
108
183
2187
897
98
1550
191
2206
1175
1445
372
198
2208
930
59
2374
200
2217
974
2071
73
204
2225
2413
1714
1691
205
2229
498
747
810
207
2271
1664
314
430
214
2315
2087
1083
226
217
2318
196
2415
2468
236
2357
952
1941
2267
246
2361
942
2399
1913
253
2368
633
2317
2451
256
2388
850
849
266
268
2444
365
1781
504
270
2463
829
1522
706
272
2471
195
575
2259
273
2476
385
619
2148
282
2480
1185
847
631
286
2491
2312
828
275
293
2497
190
152
1569
294
812
2284
1617
2362
302
2456
2366
85
68
303
523
1081
1472
476
307
2296
2077
1727
2416
317
2457
1588
863
452
318
227
254
2493
0
319
2074
1064
2205
8
328
1325
300
2088
14
331
1681
2485
1364
16
335
1439
1769
495
18
345
164
97
1261
31
362
1509
402
1972
33
369
2146
1535
247
35
370
1720
2400
1329
61
371
1463
915
2091
64
378
1408
1358
199
71
379
436
1942
1415
79
384
1428
805
2258
82
420
1898
1957
1299
89
429
386
581
1242
91
433
1155
1967
2085
103
442
1960
1322
1880
122
443
2039
1813
1382
124
446
231
2467
24
125
448
1172
1676
1108
132
451
1103
2216
1494
137
453
606
281
2253
138
455
1985
1303
922
139
462
2219
2340
355
143
463
1251
1634
2210
147
465
554
1526
1
149
477
2131
1780
6
151
480
1891
2492
9
153
491
800
703
25
161
502
772
878
27
178
506
304
363
32
189
507
2226
1079
37
218
524
1844
13
39
220
529
1416
2
50
223
530
1853
7
72
229
536
2069
12
75
237
544
1549
19
83
239
546
980
20
88
243
549
2459
21
116
289
559
1537
22
129
291
562
1773
28
133
295
586
1446
29
141
297
593
1643
30
145
305
600
1151
41
146
306
603
1266
45
148
313
612
2293
52
168
315
615
408
53
184
322
625
876
77
186
330
626
2307
78
202
344
627
135
95
216
356
628
1698
100
224
364
634
2114
104
232
366
638
114
105
245
382
641
1765
107
250
383
643
1877
117
264
390
648
1271
123
265
407
649
720
150
271
417
651
1518
163
278
418
652
479
181
292
423
653
883
192
316
438
654
260
208
326
450
663
2095
209
327
473
670
2202
210
329
481
672
1137
230
333
485
678
775
235
339
486
689
1069
249
342
487
694
1805
251
352
489
698
727
261
353
492
699
889
262
360
508
700
2199
269
361
513
705
1429
290
373
516
709
538
296
381
520
712
2496
301
387
522
734
1126
309
395
526
737
1980
310
396
534
746
1599
324
397
539
748
1875
325
400
541
751
1978
334
404
543
755
1885
336
414
547
759
891
337
415
557
762
1900
341
419
567
763
2075
347
421
570
764
241
348
432
571
766
2477
349
447
573
771
2479
350
459
584
779
2171
351
470
585
782
1808
357
471
587
789
1621
358
483
589
795
1366
367
496
594
796
467
368
501
609
798
1741
376
505
620
804
36
393
512
623
806
2181
401
515
630
816
882
412
527
650
854
509
424
528
662
860
2127
431
532
680
866
1324
435
535
681
871
1734
437
537
707
875
831
440
548
708
885
1929
458
555
710
887
1925
482
556
713
892
1776
490
569
736
904
340
517
572
739
906
2175
531
578
740
910
679
533
579
743
926
258
542
588
744
927
1447
551
590
754
932
2005
552
601
756
934
38
561
613
757
944
1839
565
621
768
948
2394
576
624
786
949
240
577
632
807
955
2386
596
636
819
962
799
597
644
822
966
1911
607
656
823
969
1124
618
660
827
984
617
639
669
830
987
1541
647
676
842
1001
725
655
683
843
1006
4
658
688
852
1032
15
661
697
853
1034
43
675
714
858
1044
46
692
718
867
1046
48
695
721
868
1047
51
701
723
886
1049
56
702
730
893
1051
76
716
742
896
1065
80
719
745
898
1070
81
728
749
899
1078
90
733
760
936
1084
92
738
773
947
1094
96
753
778
957
1098
118
765
788
958
1100
130
767
797
960
1106
159
774
809
964
1109
182
777
817
970
1116
193
781
859
976
1122
194
784
905
983
1147
203
787
908
989
1154
206
791
909
990
1156
211
793
917
992
1165
213
818
925
995
1176
225
826
933
999
1182
233
837
937
1000
1195
234
848
941
1004
1199
238
862
951
1015
1201
252
872
961
1019
1203
255
877
982
1030
1207
263
880
986
1033
1216
279
881
1007
1038
1221
280
890
1010
1039
1228
284
894
1021
1073
1230
308
895
1022
1075
1232
332
912
1023
1107
1240
343
916
1026
1111
1241
346
923
1027
1115
1258
377
928
1037
1118
1264
398
929
1040
1125
1274
405
931
1055
1138
1275
406
943
1057
1140
1279
409
945
1087
1141
1286
410
956
1091
1149
1291
411
971
1121
1157
1295
413
988
1128
1171
1300
425
996
1142
1191
1304
441
997
1152
1194
1306
449
1008
1158
1196
1309
454
1012
1166
1202
1319
460
1014
1167
1213
1326
484
1018
1173
1226
1331
488
1024
1177
1233
1345
493
1053
1178
1238
1346
497
1059
1186
1248
1356
499
1060
1188
1265
1357
503
1066
1192
1269
1367
510
1067
1200
1272
1369
525
1071
1206
1273
1372
563
1076
1208
1280
1385
564
1077
1210
1283
1398
566
1088
1227
1288
1405
598
1092
1229
1290
1409
604
1093
1253
1292
1420
610
1095
1256
1294
1433
611
1096
1257
1296
1436
659
1101
1260
1305
1443
664
1102
1270
1307
1448
665
1104
1282
1315
1453
666
1105
1284
1317
1458
667
1112
1289
1327
1465
668
1114
1293
1332
1476
673
1130
1298
1341
1478
674
1131
1308
1351
1479
677
1134
1311
1360
1481
684
1135
1318
1380
1489
687
1145
1328
1384
1492
690
1148
1333
1389
1497
696
1153
1336
1397
1502
726
1159
1339
1399
1506
729
1161
1340
1402
1516
741
1168
1352
1410
1545
783
1169
1362
1412
1565
801
1179
1363
1417
1572
834
1180
1368
1425
1574
835
1189
1378
1426
1579
838
1197
1379
1427
1580
851
1217
1381
1431
1586
855
1220
1387
1444
1590
861
1231
1388
1450
1592
864
1235
1393
1456
1598
879
1237
1400
1457
1601
884
1245
1414
1459
1610
900
1246
1418
1488
1614
902
1247
1421
1493
1622
914
1250
1432
1496
1630
939
1252
1437
1507
1631
940
1278
1440
1508
1645
946
1301
1449
1510
1653
953
1302
1454
1513
1654
965
1320
1462
1520
1657
972
1334
1466
1531
1659
973
1347
1468
1532
1679
975
1348
1473
1538
1683
1005
1349
1485
1547
1692
1017
1354
1487
1548
1696
1031
1355
1512
1552
1697
1045
1361
1529
1561
1703
1056
1390
1536
1575
1704
1072
1395
1542
1577
1713
1080
1396
1543
1585
1716
1099
1403
1553
1591
1717
1117
1404
1558
1605
1721
1129
1407
1559
1608
1723
1136
1430
1582
1611
1724
1144
1435
1587
1626
1725
1150
1438
1589
1628
1733
1174
1442
1593
1629
1737
1211
1469
1597
1660
1739
1222
1474
1606
1668
1751
1225
1477
1609
1673
1757
1236
1480
1616
1684
1766
1262
1482
1618
1686
1772
1277
1495
1632
1688
1777
1313
1500
1638
1690
1779
1337
1503
1646
1706
1786
1344
1514
1666
1711
1787
1365
1551
1669
1718
1797
1371
1556
1671
1747
1803
1376
1570
1672
1749
1804
1377
1581
1674
1756
1815
1383
1583
1678
1764
1824
1413
1600
1694
1778
1825
1424
1620
1700
1798
1829
1467
1624
1701
1799
1834
1501
1633
1707
1816
1838
1505
1647
1710
1822
1842
1515
1649
1722
1832
1849
1517
1651
1728
1836
1850
1523
1658
1744
1841
1859
1527
1665
1750
1845
1869
1534
1670
1752
1846
1870
1555
1675
1767
1848
1878
1557
1682
1785
1874
1893
1562
1695
1791
1889
1908
1567
1708
1809
1895
1914
1584
1712
1810
1909
1921
1595
1729
1814
1923
1928
1603
1732
1831
1924
1930
1604
1738
1843
1936
1955
1625
1740
1847
1938
1959
1637
1758
1852
1940
1964
1639
1760
1856
1945
1969
1641
1763
1858
1954
1974
1644
1774
1864
1962
1982
1655
1784
1871
1968
1987
1687
1790
1873
1990
1998
1689
1800
1879
1991
1999
1693
1811
1894
1994
2003
1731
1826
1903
1996
2004
1743
1835
1906
2007
2015
1748
1840
1927
2008
2018
1761
1862
1932
2009
2020
1768
1887
1933
2014
2022
1783
1888
1934
2023
2029
1794
1897
1946
2024
2030
1795
1907
1950
2025
2032
1801
1912
1951
2041
2051
1817
1915
1963
2052
2053
1819
1919
1965
2054
2055
1854
1944
1981
2056
2063
1861
1961
1988
2057
2066
1865
1975
2012
2062
2068
1866
1977
2017
2064
2072
1882
1997
2034
2079
2083
1916
2001
2040
2082
2084
1922
2028
2050
2086
2097
1939
2038
2080
2101
2109
1953
2045
2092
2105
2116
1970
2049
2099
2112
2119
1989
2060
2111
2117
2128
1993
2061
2122
2130
2139
2016
2110
2135
2140
2149
2019
2136
2137
2143
2169
2036
2138
2147
2167
2188
2042
2142
2151
2170
2200
2059
2150
2155
2179
2224
2070
2152
2162
2180
2230
2076
2157
2165
2185
2244
2089
2161
2166
2195
2246
2096
2164
2168
2203
2270
2108
2174
2176
2214
2279
2120
2177
2186
2222
2281
2125
2182
2190
2254
2286
2126
2191
2209
2255
2289
2129
2193
2211
2256
2291
2133
2213
2241
2264
2297
2144
2215
2247
2283
2302
2145
2220
2252
2298
2304
2154
2236
2257
2308
2320
2156
2239
2260
2313
2325
2158
2262
2269
2321
2332
2172
2266
2273
2328
2333
2173
2274
2299
2329
2348
2192
2277
2300
2331
2350
2196
2278
2301
2336
2356
2201
2280
2303
2339
2359
2207
2285
2311
2341
2371
2212
2288
2324
2358
2383
2221
2290
2327
2365
2387
2227
2292
2335
2367
2389
2228
2305
2347
2373
2392
2233
2306
2351
2376
2405
2250
2314
2354
2377
2406
2251
2323
2369
2381
2408
2282
2334
2370
2382
2409
2287
2338
2372
2396
2411
2294
2346
2375
2404
2427
2330
2352
2379
2418
2433
2337
2353
2380
2420
2435
2343
2384
2397
2431
2437
2345
2390
2398
2439
2441
2355
2391
2410
2442
2443
2360
2401
2412
2449
2464
2364
2407
2419
2453
2469
2414
2421
2422
2460
2472
2417
2424
2436
2466
2481
2423
2432
2438
2470
2482
2428
2440
2446
2474
2484
2430
2448
2450
2475
2486
2447
2455
2473
2478
2494
2483
2487
2488
2498
2499
