2499
2498
2488
2487
2483
2494
2478
2473
2455
2447
2486
2475
2450
2448
2430
2484
2474
2446
2440
2428
2482
2470
2438
2432
2423
2481
2466
2436
2424
2417
2472
2460
2422
2421
2414
2469
2453
2419
2407
2364
2464
2449
2412
2401
2360
2443
2442
2410
2391
2355
2441
2439
2398
2390
2345
2437
2431
2397
2384
2343
2435
2420
2380
2353
2337
2433
2418
2379
2352
2330
2427
2404
2375
2346
2294
2411
2396
2372
2338
2287
2409
2382
2370
2334
2282
2408
2381
2369
2323
2251
2406
2377
2354
2314
2250
2405
2376
2351
2306
2233
2392
2373
2347
2305
2228
2389
2367
2335
2292
2227
2387
2365
2327
2290
2221
2383
2358
2324
2288
2212
2371
2341
2311
2285
2207
2359
2339
2303
2280
2201
2356
2336
2301
2278
2196
2350
2331
2300
2277
2192
2348
2329
2299
2274
2173
2333
2328
2273
2266
2172
2332
2321
2269
2262
2158
2325
2313
2260
2239
2156
2320
2308
2257
2236
2154
2304
2298
2252
2220
2145
2302
2283
2247
2215
2144
2297
2264
2241
2213
2133
2291
2256
2211
2193
2129
2289
2255
2209
2191
2126
2286
2254
2190
2182
2125
2281
2222
2186
2177
2120
2279
2214
2176
2174
2108
2270
2203
2168
2164
2096
2246
2195
2166
2161
2089
2244
2185
2165
2157
2076
2230
2180
2162
2152
2070
2224
2179
2155
2150
2059
2200
2170
2151
2142
2042
2188
2167
2147
2138
2036
2169
2143
2137
2136
2019
2149
2140
2135
2110
2016
2139
2130
2122
2061
1993
2128
2117
2111
2060
1989
2119
2112
2099
2049
1970
2116
2105
2092
2045
1953
2109
2101
2080
2038
1939
2097
2086
2050
2028
1922
2084
2082
2040
2001
1916
2083
2079
2034
1997
1882
2072
2064
2017
1977
1866
2068
2062
2012
1975
1865
2066
2057
1988
1961
1861
2063
2056
1981
1944
1854
2055
2054
1965
1919
1819
2053
2052
1963
1915
1817
2051
2041
1951
1912
1801
2032
2025
1950
1907
1795
2030
2024
1946
1897
1794
2029
2023
1934
1888
1783
2022
2014
1933
1887
1768
2020
2009
1932
1862
1761
2018
2008
1927
1840
1748
2015
2007
1906
1835
1743
2004
1996
1903
1826
1731
2003
1994
1894
1811
1693
1999
1991
1879
1800
1689
1998
1990
1873
1790
1687
1987
1968
1871
1784
1655
1982
1962
1864
1774
1644
1974
1954
1858
1763
1641
1969
1945
1856
1760
1639
1964
1940
1852
1758
1637
1959
1938
1847
1740
1625
1955
1936
1843
1738
1604
1930
1924
1831
1732
1603
1928
1923
1814
1729
1595
1921
1909
1810
1712
1584
1914
1895
1809
1708
1567
1908
1889
1791
1695
1562
1893
1874
1785
1682
1557
1878
1848
1767
1675
1555
1870
1846
1752
1670
1534
1869
1845
1750
1665
1527
1859
1841
1744
1658
1523
1850
1836
1728
1651
1517
1849
1832
1722
1649
1515
1842
1822
1710
1647
1505
1838
1816
1707
1633
1501
1834
1799
1701
1624
1467
1829
1798
1700
1620
1424
1825
1778
1694
1600
1413
1824
1764
1678
1583
1383
1815
1756
1674
1581
1377
1804
1749
1672
1570
1376
1803
1747
1671
1556
1371
1797
1718
1669
1551
1365
1787
1711
1666
1514
1344
1786
1706
1646
1503
1337
1779
1690
1638
1500
1313
1777
1688
1632
1495
1277
1772
1686
1618
1482
1262
1766
1684
1616
1480
1236
1757
1673
1609
1477
1225
1751
1668
1606
1474
1222
1739
1660
1597
1469
1211
1737
1629
1593
1442
1174
1733
1628
1589
1438
1150
1725
1626
1587
1435
1144
1724
1611
1582
1430
1136
1723
1608
1559
1407
1129
1721
1605
1558
1404
1117
1717
1591
1553
1403
1099
1716
1585
1543
1396
1080
1713
1577
1542
1395
1072
1704
1575
1536
1390
1056
1703
1561
1529
1361
1045
1697
1552
1512
1355
1031
1696
1548
1487
1354
1017
1692
1547
1485
1349
1005
1683
1538
1473
1348
975
1679
1532
1468
1347
973
1659
1531
1466
1334
972
1657
1520
1462
1320
965
1654
1513
1454
1302
953
1653
1510
1449
1301
946
1645
1508
1440
1278
940
1631
1507
1437
1252
939
1630
1496
1432
1250
914
1622
1493
1421
1247
902
1614
1488
1418
1246
900
1610
1459
1414
1245
884
1601
1457
1400
1237
879
1598
1456
1393
1235
864
1592
1450
1388
1231
861
1590
1444
1387
1220
855
1586
1431
1381
1217
851
1580
1427
1379
1197
838
1579
1426
1378
1189
835
1574
1425
1368
1180
834
1572
1417
1363
1179
801
1565
1412
1362
1169
783
1545
1410
1352
1168
741
1516
1402
1340
1161
729
1506
1399
1339
1159
726
1502
1397
1336
1153
696
1497
1389
1333
1148
690
1492
1384
1328
1145
687
1489
1380
1318
1135
684
1481
1360
1311
1134
677
1479
1351
1308
1131
674
1478
1341
1298
1130
673
1476
1332
1293
1114
668
1465
1327
1289
1112
667
1458
1317
1284
1105
666
1453
1315
1282
1104
665
1448
1307
1270
1102
664
1443
1305
1260
1101
659
1436
1296
1257
1096
611
1433
1294
1256
1095
610
1420
1292
1253
1093
604
1409
1290
1229
1092
598
1405
1288
1227
1088
566
1398
1283
1210
1077
564
1385
1280
1208
1076
563
1372
1273
1206
1071
525
1369
1272
1200
1067
510
1367
1269
1192
1066
503
1357
1265
1188
1060
499
1356
1248
1186
1059
497
1346
1238
1178
1053
493
1345
1233
1177
1024
488
1331
1226
1173
1018
484
1326
1213
1167
1014
460
1319
1202
1166
1012
454
1309
1196
1158
1008
449
1306
1194
1152
997
441
1304
1191
1142
996
425
1300
1171
1128
988
413
1295
1157
1121
971
411
1291
1149
1091
956
410
1286
1141
1087
945
409
1279
1140
1057
943
406
1275
1138
1055
931
405
1274
1125
1040
929
398
1264
1118
1037
928
377
1258
1115
1027
923
346
1241
1111
1026
916
343
1240
1107
1023
912
332
1232
1075
1022
895
308
1230
1073
1021
894
284
1228
1039
1010
890
280
1221
1038
1007
881
279
1216
1033
986
880
263
1207
1030
982
877
255
1203
1019
961
872
252
1201
1015
951
862
238
1199
1004
941
848
234
1195
1000
937
837
233
1182
999
933
826
225
1176
995
925
818
213
1165
992
917
793
211
1156
990
909
791
206
1154
989
908
787
203
1147
983
905
784
194
1122
976
859
781
193
1116
970
817
777
182
1109
964
809
774
159
1106
960
797
767
130
1100
958
788
765
118
1098
957
778
753
96
1094
947
773
738
92
1084
936
760
733
90
1078
899
749
728
81
1070
898
745
719
80
1065
896
742
716
76
1051
893
730
702
56
1049
886
723
701
51
1047
868
721
695
48
1046
867
718
692
46
1044
858
714
675
43
1034
853
697
661
15
1032
852
688
658
4
1006
843
683
655
725
1001
842
676
647
1541
987
830
669
639
617
984
827
660
618
1124
969
823
656
607
1911
966
822
644
597
799
962
819
636
596
2386
955
807
632
577
240
949
786
624
576
2394
948
768
621
565
1839
944
757
613
561
38
934
756
601
552
2005
932
754
590
551
1447
927
744
588
542
258
926
743
579
533
679
910
740
578
531
2175
906
739
572
517
340
904
736
569
490
1776
892
713
556
482
1925
887
710
555
458
1929
885
708
548
440
831
875
707
537
437
1734
871
681
535
435
1324
866
680
532
431
2127
860
662
528
424
509
854
650
527
412
882
816
630
515
401
2181
806
623
512
393
36
804
620
505
376
1741
798
609
501
368
467
796
594
496
367
1366
795
589
483
358
1621
789
587
471
357
1808
782
585
470
351
2171
779
584
459
350
2479
771
573
447
349
2477
766
571
432
348
241
764
570
421
347
2075
763
567
419
341
1900
762
557
415
337
891
759
547
414
336
1885
755
543
404
334
1978
751
541
400
325
1875
748
539
397
324
1599
746
534
396
310
1980
737
526
395
309
1126
734
522
387
301
2496
712
520
381
296
538
709
516
373
290
1429
705
513
361
269
2199
700
508
360
262
889
699
492
353
261
727
698
489
352
251
1805
694
487
342
249
1069
689
486
339
235
775
678
485
333
230
1137
672
481
329
210
2202
670
473
327
209
2095
663
450
326
208
260
654
438
316
192
883
653
423
292
181
479
652
418
278
163
1518
651
417
271
150
720
649
407
265
123
1271
648
390
264
117
1877
643
383
250
107
1765
641
382
245
105
114
638
366
232
104
2114
634
364
224
100
1698
628
356
216
95
135
627
344
202
78
2307
626
330
186
77
876
625
322
184
53
408
615
315
168
52
2293
612
313
148
45
1266
603
306
146
41
1151
600
305
145
30
1643
593
297
141
29
1446
586
295
133
28
1773
562
291
129
22
1537
559
289
116
21
2459
549
243
88
20
980
546
239
83
19
1549
544
237
75
12
2069
536
229
72
7
1853
530
223
50
2
1416
529
220
39
13
1844
524
218
37
1079
2226
507
189
32
363
304
506
178
27
878
772
502
161
25
703
800
491
153
9
2492
1891
480
151
6
1780
2131
477
149
1
1526
554
465
147
2210
1634
1251
463
143
355
2340
2219
462
139
922
1303
1985
455
138
2253
281
606
453
137
1494
2216
1103
451
132
1108
1676
1172
448
125
24
2467
231
446
124
1382
1813
2039
443
122
1880
1322
1960
442
103
2085
1967
1155
433
91
1242
581
386
429
89
1299
1957
1898
420
82
2258
805
1428
384
79
1415
1942
436
379
71
199
1358
1408
378
64
2091
915
1463
371
61
1329
2400
1720
370
35
247
1535
2146
369
33
1972
402
1509
362
31
1261
97
164
345
18
495
1769
1439
335
16
1364
2485
1681
331
14
2088
300
1325
328
8
2205
1064
2074
319
0
2493
254
227
318
452
863
1588
2457
317
2416
1727
2077
2296
307
476
1472
1081
523
303
68
85
2366
2456
302
2362
1617
2284
812
294
1569
152
190
2497
293
275
828
2312
2491
286
631
847
1185
2480
282
2148
619
385
2476
273
2259
575
195
2471
272
706
1522
829
2463
270
504
1781
365
2444
268
266
849
850
2388
256
2451
2317
633
2368
253
1913
2399
942
2361
246
2267
1941
952
2357
236
2468
2415
196
2318
217
226
1083
2087
2315
214
430
314
1664
2271
207
810
747
498
2229
205
1691
1714
2413
2225
204
73
2071
974
2217
200
2374
59
930
2208
198
372
1445
1175
2206
191
1550
98
897
2187
183
108
1650
761
2184
180
1857
1090
1753
2160
177
1025
1983
1011
2153
175
1491
34
954
2123
172
185
2249
1830
2104
171
374
1677
1571
2100
170
2183
2243
375
2044
158
1775
1827
785
2035
156
1411
2218
1820
2013
144
1640
1525
154
2011
140
1662
1085
1209
1973
136
2395
919
228
1952
127
1499
1802
803
1947
121
126
640
1702
1931
120
1310
1796
833
1920
115
2245
2093
1061
1918
112
399
2495
550
1896
109
1470
870
1937
1890
106
2106
167
1120
1886
102
979
1162
921
1884
94
1511
815
1132
1883
58
394
1867
1163
1828
42
1160
1212
10
1793
17
985
1190
1663
1782
11
967
1576
2452
1770
5
686
2134
865
1755
3
1434
2248
1705
1742
1709
1745
963
2232
1715
1244
1391
57
1401
1661
2261
2445
722
267
1648
1762
901
244
518
1635
110
2310
274
2115
1627
1370
1342
323
545
1615
1353
629
1139
2237
1602
2037
197
671
2489
1564
212
62
312
2454
1546
1498
2242
2223
2426
1521
2234
1441
2425
2393
1504
1146
1029
1490
2378
1483
1013
1198
780
2349
1460
1028
2163
1902
2295
1406
2240
474
553
2275
1394
416
1285
2490
2272
1375
47
1905
2465
2268
1374
422
998
2461
2231
1343
1868
169
2434
2198
1338
101
2462
2403
2178
1323
1089
2458
2363
2124
1321
2319
2402
2316
2094
1314
388
2344
2238
2043
1287
160
2342
2159
2027
1276
1855
2326
2141
2002
1267
2078
2309
2073
1949
1254
2265
2276
2048
1935
1224
752
2263
2047
1901
1219
616
2132
2033
1881
1215
1992
2113
2031
1876
1205
1789
2107
2010
1863
1187
560
2103
2006
1860
1184
2385
2081
1986
1837
1133
1872
2065
1979
1833
1127
1807
2058
1976
1821
1097
2235
2026
1956
1771
1068
2046
2021
1948
1726
1058
1736
2000
1926
1719
1054
1020
1995
1910
1680
1048
1823
1984
1812
1652
1036
1566
1966
1806
1642
1002
2429
1958
1759
1623
993
288
1917
1685
1573
968
2322
1899
1667
1568
938
2204
1818
1596
1540
918
2197
1788
1594
1533
911
2194
1754
1563
1519
903
2189
1746
1486
1461
856
2121
1735
1471
1392
844
2118
1699
1455
1335
841
2102
1619
1423
1297
840
2098
1613
1386
1263
832
2090
1607
1359
1255
825
2067
1578
1350
1218
821
1971
1560
1312
1193
820
1943
1554
1268
1123
770
1904
1539
1239
1119
769
1892
1530
1234
1113
758
1851
1524
1170
1082
704
1792
1475
1110
1052
693
1730
1464
1086
1009
682
1656
1451
1063
913
645
1636
1422
1062
874
637
1612
1419
1050
857
622
1544
1316
1042
845
614
1528
1281
994
824
602
1484
1259
991
735
599
1452
1249
981
732
592
1373
1243
977
711
583
1330
1181
950
608
580
1223
1143
935
591
521
1214
1043
924
574
511
1204
1041
907
568
500
1183
1016
869
519
466
1164
978
846
464
445
1074
959
790
461
444
1035
888
731
456
434
1003
839
691
428
427
920
836
642
392
380
873
814
595
359
320
813
802
514
354
311
811
794
494
338
287
808
792
478
298
285
776
750
472
283
257
724
717
468
277
242
715
657
457
276
222
685
646
391
221
219
635
540
389
215
201
605
475
321
188
173
582
469
248
165
162
558
299
187
155
134
439
259
179
131
119
426
176
142
113
111
403
157
93
86
84
174
128
74
65
54
166
99
69
63
49
87
67
66
55
44
70
60
40
26
23
