1037
2287
1628
1833
154
2428
2234
1391
1792
2405
423
118
2258
2251
1098
621
528
733
2005
1447
566
351
368
45
141
1369
306
10
1670
494
295
730
1607
912
2208
1246
1564
2080
988
1598
1525
516
974
883
1184
1826
543
539
1885
2165
1386
604
2028
2109
1434
1612
871
2001
1435
581
476
1187
1489
1623
779
659
70
1019
315
720
2226
1950
415
2370
810
2061
1587
2339
276
2023
1414
2240
2066
413
1882
2334
217
1295
157
1397
1250
711
2163
1772
892
2171
719
1421
823
1241
1042
2283
1132
1263
359
40
1933
796
2158
2389
367
1457
660
360
1735
731
322
318
2362
1325
804
2285
1613
1517
1102
724
2454
559
1261
1502
1902
23
1306
3
1353
1101
1464
706
313
1865
1406
2471
1811
2427
2031
2193
612
361
1038
1830
456
815
600
1424
317
1630
1626
1352
1364
963
473
1692
1050
1326
2365
1775
553
522
425
2347
1174
919
1410
150
845
1150
465
1035
1314
665
204
1232
949
214
526
44
1040
2434
1481
579
602
235
1492
1707
935
1828
1868
2384
576
1296
725
693
1839
2482
2467
1228
220
2130
1931
1705
1456
667
1829
2073
1895
1714
1056
2054
1441
645
1260
2045
1975
1485
307
746
985
1417
741
1025
2449
1807
1921
1808
231
1119
495
1627
1116
1894
499
1091
608
1112
357
1819
797
854
136
1880
1131
1970
87
1302
1474
782
426
1757
1002
1665
155
973
2410
785
387
715
1477
905
1764
1332
200
492
2415
293
408
1344
2466
1321
1003
1509
1428
1645
1570
2134
878
2368
945
329
2149
1589
1237
1312
920
1937
828
133
1075
140
2194
2374
2426
1178
1099
800
1155
754
192
1771
1842
125
582
942
1215
69
838
998
2172
508
681
458
1740
1659
1503
1034
2429
1039
1538
2457
2496
2381
1719
301
1084
825
1331
1874
1219
1010
2214
2009
2495
1191
2433
34
1354
296
39
834
1590
1661
83
826
287
2041
1340
792
2097
662
2278
1573
1654
1586
2478
187
2221
2361
2146
751
111
1399
33
2351
2337
657
2117
1529
861
1254
2216
191
2314
51
2159
1470
1804
558
1026
206
431
2490
2162
843
586
501
1046
352
808
28
2187
542
2330
1213
1438
2143
2087
280
1673
1655
2010
15
2302
959
1118
794
2353
1362
524
840
440
2098
1857
2122
1978
1401
1806
1891
1967
1642
29
1338
1090
2295
1336
704
174
365
1431
1922
1515
2137
377
589
618
2189
2320
309
1281
786
314
1203
148
1544
682
907
382
1245
2164
1824
252
1993
221
511
837
1055
958
429
1723
389
2268
1052
1507
299
75
203
697
1300
144
1717
2297
2432
1736
505
1375
1837
2483
1671
760
289
1622
799
1128
2173
356
2498
2198
1704
690
2477
1549
1910
409
1787
12
2376
261
2006
469
1742
1177
577
1310
1580
2391
1899
1770
512
397
1372
2019
2152
655
1163
2456
774
1706
2035
1506
515
403
103
1279
1537
698
1328
1605
4
766
716
1572
1235
1565
243
284
1355
18
1383
1181
1142
927
2034
2499
899
1078
2022
94
1696
428
1451
2385
1209
1827
2050
1024
1390
1349
2042
2335
130
832
941
300
2416
2048
2308
173
128
1906
266
946
1443
2
1172
898
310
1171
2476
1182
518
1094
1253
1817
656
735
1074
876
122
2103
1762
507
984
2047
583
337
906
1604
1594
723
2113
872
1916
889
1166
2184
345
175
1144
520
2136
546
639
1294
1206
2160
853
555
236
1635
169
2225
297
643
112
976
2131
1159
257
1972
448
441
647
195
793
1557
96
2355
143
1608
76
454
1553
2233
444
491
2394
2486
737
1176
869
669
268
1168
1185
874
22
1013
1690
129
1624
1893
881
1535
1086
63
2205
1164
2147
2239
1523
2409
594
1875
2322
56
1618
2153
2352
437
1012
1461
1088
393
152
598
2317
987
1196
2395
925
2151
1534
1405
271
592
2388
1641
829
1069
1199
1252
2213
2196
1156
2003
2004
595
970
695
1566
2382
1120
1114
489
2333
1309
1520
2305
2129
2414
466
230
1346
2070
748
1614
1020
2068
759
47
983
1854
2253
336
780
335
1313
226
1068
74
1466
1703
1067
2274
2229
994
1231
1876
1125
1167
683
2243
1575
1190
427
1728
77
1303
52
390
422
666
490
1146
1299
232
1378
1400
502
767
1500
338
1276
1234
750
613
943
685
1938
630
1825
418
1444
369
575
991
1366
1571
159
1269
1029
2123
1941
1323
98
31
388
820
1521
1697
484
2327
997
88
2497
637
525
1384
1207
893
1335
188
738
1756
918
709
2292
1698
1751
775
288
1680
1429
552
1194
1395
2114
975
700
2269
2437
1685
736
1718
2286
1683
1708
2411
1584
38
380
841
1292
1482
115
124
2166
509
27
1134
2125
407
2255
607
1244
1497
53
2096
201
2262
55
2206
1009
194
1076
138
1053
894
2316
2195
2488
199
1173
1801
2249
1849
2298
1350
346
1255
149
1442
755
2340
1971
1919
485
651
244
2462
1212
1640
852
992
2044
2417
1759
2174
2128
986
886
1869
416
1175
2201
59
1528
2083
1122
1462
2138
2119
1927
2402
1748
521
2311
831
2422
1145
1617
836
371
819
1929
650
483
2284
953
1110
1841
1022
593
1675
2494
2127
184
504
1511
2345
58
1905
1189
2230
1843
163
1822
42
1667
867
1356
2144
1913
2260
471
1127
1956
2069
438
1222
1324
1940
1974
1679
1803
744
223
1135
2232
771
1758
2438
944
1547
312
1890
281
795
2037
856
877
1096
1403
1130
2170
166
1892
864
2074
127
584
1374
1944
1016
2167
358
1017
340
1106
1650
2356
37
789
2094
224
1898
654
908
866
2379
688
21
1600
62
449
146
742
341
2246
855
1986
2090
560
2075
930
178
1259
915
1585
265
1081
817
1006
1368
1486
1079
634
1197
1141
2228
107
1484
1334
43
2186
16
32
1796
2431
167
386
2492
1603
2367
229
1283
497
1840
1846
969
78
2348
1490
1969
1316
1939
1625
385
1192
1179
2078
432
211
1157
2245
234
1389
2304
2328
1512
11
350
517
2313
2336
2264
2052
1411
1476
1917
1678
2181
1568
1738
2341
2227
534
113
396
1867
1540
1526
2140
1221
844
1498
1007
569
2463
1205
568
1432
1307
798
1615
109
703
2288
1138
2326
1653
1387
1210
1051
1532
1430
1059
1713
710
372
967
82
990
46
816
1682
1848
2053
2015
818
684
2468
615
1664
404
1465
2448
2442
2281
2332
701
2059
1162
17
460
2474
2350
1793
557
9
1483
1272
859
732
2055
1904
185
694
1866
824
641
1597
1648
1731
803
364
2329
707
2378
530
2261
1305
1225
1947
1954
1085
2039
1765
2237
980
68
106
1784
1763
1262
2291
362
1249
1266
354
153
1574
1883
1818
1109
2190
2273
1550
1958
2359
2244
574
847
2150
2419
1877
218
14
2383
2321
2342
1287
588
1357
705
2380
1149
1396
1596
1047
2343
1669
2081
1380
1785
1962
1569
1342
91
916
1147
347
2458
2168
2142
302
2121
2212
1468
1652
777
752
1480
2026
1445
712
1633
972
468
71
814
1744
292
498
1797
1809
729
263
2413
474
1936
228
278
67
1152
1072
887
812
977
290
1691
1721
842
100
1552
379
1897
20
1518
328
934
676
1802
1330
995
599
2461
1760
349
2032
1774
714
564
1501
1193
1745
1488
2091
1741
1908
2276
1103
2012
5
1304
790
2188
890
1343
1847
264
649
462
1657
1722
344
168
966
726
1064
668
1536
1932
363
885
1558
2275
1989
605
2271
2111
2443
151
673
1845
108
2489
171
911
1030
1602
1264
132
145
305
609
2372
1000
1551
548
2210
1835
989
1609
2014
1398
924
2177
788
1862
30
1726
1889
1365
1786
544
2309
1715
2272
805
1329
285
2161
1377
523
903
580
332
2154
2247
339
1211
269
1258
2099
1226
1392
540
551
1709
477
240
1165
308
1930
2446
619
48
783
443
749
1555
1946
488
2199
1716
596
1750
1014
275
1223
636
702
2403
2294
1376
2323
1524
1137
2057
193
875
1394
1320
1208
1864
1129
2207
161
246
1045
1739
879
882
451
493
791
611
2060
182
962
1928
902
2092
1230
1539
176
2036
851
1599
2169
1560
1949
2440
1853
320
274
1202
926
253
411
1367
479
1752
2025
696
2399
1337
1637
635
486
1729
1985
2049
1473
1695
1576
1561
1761
2106
1545
1339
1082
1115
624
1136
2002
2452
747
1559
110
459
177
1768
2447
158
2358
687
2105
455
1863
929
1747
1113
1450
2465
909
1315
1216
1812
1117
89
1527
237
1968
2107
2349
1689
1610
1345
809
921
13
239
955
1631
378
2418
1433
1057
1710
2338
1359
208
233
1100
1513
2306
2016
1347
1912
597
439
1984
1373
644
2451
865
756
464
1061
198
1070
689
170
2095
2256
1660
331
545
1448
1666
1054
1048
1154
123
1504
642
326
1733
453
1743
1816
2299
381
2011
482
2289
2460
419
554
1831
2421
1277
2157
1981
2424
1601
1453
2473
1935
480
1317
1861
1126
1977
2469
1415
2135
572
2082
401
2491
2013
1436
870
2280
734
947
2203
1813
813
503
2357
1257
1274
562
1097
1487
366
2086
1062
2392
259
933
971
1459
251
1699
954
472
286
181
1620
1236
2450
628
405
587
2487
1789
1548
1239
2021
951
629
334
674
2248
1658
928
1766
1522
2406
1455
421
1858
72
1815
787
1821
303
2279
535
1275
567
2325
1496
1270
86
250
1767
1
179
895
85
848
2046
1634
205
1005
2191
277
1701
1926
373
1730
461
1988
713
664
1638
323
801
1942
2043
2277
400
227
1656
2197
964
1943
66
678
1493
2252
556
183
960
1749
370
348
1402
1242
1567
2223
1224
410
116
2139
0
1348
1951
811
550
2254
210
1788
2076
646
638
653
60
2266
256
134
270
216
1798
2307
2222
2200
981
2386
283
661
565
1914
1311
827
2141
1646
1668
2183
996
1111
272
1780
80
190
606
763
1494
1720
2204
1361
500
1995
527
1437
2430
2408
131
2236
1195
186
49
399
625
1999
1382
1285
260
2324
1577
1475
384
1008
2480
1449
2219
105
938
670
956
1227
718
1273
2018
291
2211
1754
1407
126
578
1980
1388
626
164
73
2439
1015
1001
1151
1647
1606
1964
1247
806
699
932
1092
79
50
1452
849
1998
2192
1044
1291
1063
2425
1588
478
761
776
104
937
2293
2178
262
2420
1499
1734
999
1672
2120
1677
1083
2108
1823
1153
1636
342
487
1333
957
617
420
1027
1676
652
374
2218
392
172
2027
2077
1994
1505
319
1924
2407
1592
2360
1508
2263
1693
2182
1961
1955
632
2112
1105
1953
897
1293
2436
2179
436
1271
25
1265
1851
1454
1982
304
850
1619
1997
475
2064
672
470
807
1945
2072
1611
249
1800
1495
6
862
279
1838
770
1297
1884
1556
768
1870
2267
904
1794
1058
2453
1322
910
1043
753
778
677
343
156
680
1639
1440
1810
1541
139
513
2132
1578
2124
2155
1799
1243
1148
839
327
1393
2412
434
1143
333
631
1089
2257
1583
90
2484
722
467
2250
2401
858
1280
1066
2209
740
1769
1915
1543
2301
7
412
1834
189
1887
1460
2224
773
2104
445
1491
2400
2088
529
2116
1686
2217
1732
1351
433
1278
1028
658
1060
1687
2387
2024
1979
1860
1781
563
1814
537
1123
1856
1554
721
1753
2444
1960
573
860
1033
620
623
2312
1966
2156
324
1886
1463
532
1663
571
282
1516
616
435
463
19
245
1121
2303
1251
888
376
2215
1439
873
1900
1778
1327
2375
1651
1036
1562
961
2310
1220
1318
948
1416
846
1358
1288
446
1918
1629
1872
614
1836
2115
1888
1871
1233
2404
414
1795
1973
2242
1873
2390
26
1240
2265
2175
2067
24
1413
2493
1965
1095
247
1923
1420
97
1782
2290
2315
1471
663
57
1546
1104
1987
212
1408
180
648
519
931
2455
1727
1319
764
1087
1198
1080
402
891
2398
640
1188
603
538
1298
219
222
1200
95
1581
590
533
2220
2296
1379
1479
1158
1832
2393
398
1301
2148
1341
633
857
273
691
2145
1920
1911
679
2464
772
1852
117
1267
863
294
1180
41
92
1903
160
241
1688
1446
1783
65
391
2282
1925
2435
978
102
1467
692
1711
1370
1268
298
450
1909
2259
1976
1674
1776
762
2185
2235
901
1169
1996
671
1218
2481
1855
536
2040
2000
1582
99
531
1093
561
1649
1957
1791
119
1859
1107
120
1423
2065
1256
1308
2364
2479
627
950
982
822
2056
1616
2423
325
2058
1533
424
84
784
708
1621
121
238
1201
321
442
2180
821
81
1371
209
2241
835
1983
213
452
1065
727
2102
1779
215
2441
114
880
353
1990
2346
375
2397
2369
1170
64
1404
1409
728
1510
2020
1160
622
2101
1248
1519
1426
2133
1896
2366
36
2300
248
1952
940
1563
254
1724
2475
1963
1777
2007
541
2008
2231
952
830
1238
1381
547
1881
686
162
1643
1901
258
481
2445
675
101
2396
1412
2202
1217
137
2126
2033
1702
1593
355
1469
1790
1948
1031
142
914
2063
457
2118
514
267
417
939
1290
1124
1041
2363
1458
2270
2100
255
1694
549
1644
2085
1140
884
2373
570
1542
2319
8
1959
2029
330
781
2084
1073
135
2331
93
1514
225
2485
765
1360
1773
1161
1684
1108
147
1712
394
2089
1049
2062
395
802
197
1032
447
1725
913
1737
1579
1021
1991
900
757
979
717
2472
496
610
35
1004
1363
758
61
1746
1077
1472
2371
2110
833
917
2093
922
316
383
510
1385
1418
430
1286
1011
993
165
923
2354
1844
591
1681
1071
1632
601
2071
1595
1478
1419
2038
1284
2318
1204
2238
1282
2344
207
406
1183
2377
54
2079
868
769
1427
311
1934
1850
242
1023
1186
585
1591
1139
1878
1133
1662
1700
745
2051
1530
896
1214
2176
2030
2017
1018
1755
202
1879
936
743
2459
1425
739
965
2470
1531
1289
1907
1805
1820
968
506
1229
1992
196
1422
