783
560
668
931
385
1523
955
1139
2049
439
1818
2319
1424
2250
494
1026
11
402
960
226
1345
50
866
1217
491
2147
230
1035
1233
1107
2241
450
2006
1461
1358
616
2013
1850
1380
151
920
2152
2054
2255
235
2215
2247
2347
2419
1048
2402
130
1177
220
87
593
1600
608
683
66
678
1786
820
785
143
796
1860
932
867
144
988
34
964
918
249
1723
55
983
946
281
2000
216
1030
1601
310
227
1232
1742
40
311
492
1237
2019
299
352
515
1284
2021
621
476
618
1331
2269
663
666
773
1496
297
913
1008
891
1592
676
939
1009
1104
1797
997
1016
1044
1156
1988
1166
1024
1049
1267
2088
1423
1036
1077
1292
2451
2223
1190
1141
1506
192
1266
1155
9
1559
386
1342
1293
145
1560
503
1580
1363
390
1581
863
1659
1393
396
1792
1025
1698
1564
406
1851
1308
1922
1681
472
1974
1735
1938
1810
495
2062
1883
2143
1823
545
2126
2332
2173
1882
580
2162
73
2397
2258
633
2280
182
2414
2289
689
2312
432
139
870
270
485
200
21
1291
272
610
738
82
1350
361
693
1222
238
1463
442
1088
1346
446
1464
655
1329
1539
743
1513
726
1420
1563
999
1568
1027
1517
1876
1029
1576
1071
1668
2063
1106
1695
1588
1673
2219
1172
1750
1622
1758
2364
1184
1884
1809
1832
2420
1830
1979
1863
1907
113
1909
2041
1874
2012
205
2037
2070
2074
2024
345
2207
68
2200
2057
378
2222
142
2450
2264
823
2278
218
2489
2378
1117
67
240
76
2458
1216
191
259
80
570
1454
199
303
305
873
1490
422
349
393
1494
1541
530
457
461
1549
1551
766
459
596
1935
1552
1042
466
694
1957
1618
1059
477
696
2011
1645
1344
597
854
2031
2023
1553
607
855
2209
2174
1806
671
879
2440
2193
2065
733
1161
2198
2254
734
1163
79
2484
777
1247
103
122
814
1289
188
33
131
958
1310
247
61
134
962
1421
500
243
140
996
1446
714
287
350
1006
1473
980
300
400
1010
1477
1034
346
424
1012
1628
1086
382
445
1170
1644
1236
401
489
1218
1696
1277
433
507
1354
1754
1320
583
519
1469
1776
1481
623
582
1567
1816
1614
719
600
1574
1960
1632
803
609
1594
2040
1641
948
724
1669
2158
1689
959
779
1747
2179
1790
961
797
1800
2300
1995
1028
798
1942
2399
2187
1188
829
1947
2400
2210
1252
836
2056
75
2299
1602
892
2119
178
2401
1625
914
2352
394
2497
1640
987
2374
420
1666
59
1013
8
463
1734
77
1047
160
782
1855
414
1096
197
822
2157
435
1138
213
904
564
1226
1
252
1003
595
1356
94
371
1060
628
1387
341
389
1083
681
1444
525
419
1084
717
1451
581
513
1129
725
1470
790
713
1189
801
1488
1148
741
1407
900
1502
1270
750
1418
984
1505
1359
760
1773
1121
1579
1676
1014
1886
1198
1599
1720
1113
2029
1206
1650
1801
1149
2217
1254
1667
1821
1153
2220
1256
1670
1854
1208
2235
1272
1802
2292
1298
2297
1282
1842
2391
1370
2473
1328
1954
2398
1395
146
1330
1958
19
1468
254
1351
1966
30
1653
258
1378
1997
51
1661
282
1441
2101
57
1684
322
1462
2133
100
1712
348
1479
2229
101
1733
862
1571
2303
105
1789
1185
1596
2336
156
1839
1340
1745
2385
168
2182
1341
1765
2437
175
2426
1443
1791
2462
255
2476
1840
1794
2479
277
1943
15
1798
2481
324
1976
23
1804
2499
391
2118
37
1812
0
418
2130
69
1844
10
469
2197
434
1866
12
484
2434
599
1888
45
516
749
6
1891
65
533
808
27
1899
224
594
1070
83
1931
285
644
1183
127
1984
286
670
1205
187
2026
296
712
1838
217
2044
337
727
1914
263
2060
354
736
2475
357
2087
356
767
428
2208
359
809
22
499
2239
375
821
24
563
2325
413
826
31
606
2333
483
878
96
656
2346
511
880
141
688
2367
534
881
301
695
2394
571
882
367
732
2459
672
885
443
786
2468
698
899
458
792
2490
757
928
505
910
769
938
13
529
911
787
952
196
636
934
832
981
237
789
943
865
989
242
819
956
884
1039
338
975
994
886
1075
456
1023
1110
889
1094
480
1040
1150
909
1115
630
1069
1200
935
1167
650
1136
1243
973
1321
872
1151
1250
1066
1326
876
1312
1296
1087
1361
941
1377
1440
1092
1401
977
1472
1478
1120
1404
1002
1498
1522
1165
1438
1033
1521
1536
1169
1485
1215
1651
1545
1181
1508
1246
1718
1630
1207
1512
1299
1814
1674
1244
1519
1386
1831
1675
1322
1577
1391
1945
1772
1349
1721
1448
1969
1780
1412
1730
1449
2010
1897
1501
1744
1597
2018
1996
1528
1819
1603
2038
2051
1572
1848
1663
2053
2079
1584
1849
1664
2110
2107
1637
1869
1697
2112
2141
1679
1880
1724
2124
2148
1685
1918
1807
2128
2191
1686
1967
1908
2139
2195
1688
2003
1927
2159
2337
1710
2017
1929
2161
2349
1719
2047
1986
2186
2357
1740
2048
2055
2261
2413
1755
2169
2155
2279
2428
1763
2199
2214
2329
2442
1811
2201
2249
2345
2478
1992
2243
2307
2355
2039
2268
7
2368
3
2102
2309
46
2381
47
2121
2351
97
2396
58
2129
2363
112
2423
84
2146
2498
121
2435
102
2170
2
158
2465
119
2190
36
169
2491
137
2205
70
206
161
18
2259
138
246
164
64
2262
374
279
167
114
2294
547
289
186
120
2302
550
314
212
148
2315
566
365
219
171
2317
634
381
229
177
2322
674
404
251
207
2342
816
453
273
265
2387
843
464
335
294
2410
847
473
366
298
2485
848
517
379
313
905
136
536
392
329
921
410
537
411
355
1287
527
541
451
380
1499
540
542
454
395
1569
723
557
455
415
1646
761
589
479
421
1713
815
627
501
437
1729
831
654
524
514
2014
925
662
526
538
2073
940
664
559
565
2082
1031
692
573
590
1221
701
39
615
637
1241
711
189
629
642
1283
742
288
643
687
1353
754
316
659
705
1368
805
398
669
718
1474
827
412
675
730
1480
844
470
703
737
1503
858
502
710
768
1570
875
546
735
818
1585
937
561
745
830
1609
950
601
751
942
1643
969
602
758
949
1649
990
791
764
968
1752
1015
825
765
976
1926
1101
833
774
1131
1956
1108
835
788
1175
1982
1125
840
794
1180
1987
1128
936
811
1248
2156
1130
995
860
1294
2227
1152
1032
874
1309
2287
1187
1068
887
1335
2313
1199
1073
895
1338
2416
1213
1078
896
1428
2429
1245
1134
901
1433
2455
1253
1140
902
1457
1314
1144
16
912
1497
1410
1263
25
915
1511
1442
1288
176
927
1547
1607
1313
209
944
1558
1657
1355
245
954
1586
1660
1364
278
965
1606
1671
1439
307
971
1677
1716
1453
441
979
1748
1761
1458
490
1000
1774
1777
1482
532
1041
1826
1788
1486
567
1052
1878
1808
1491
691
1081
1887
1820
1514
706
1116
1953
1867
1533
771
1118
1990
1872
1535
851
1137
2002
1910
1611
957
1142
2069
1933
1623
1064
1176
2072
1959
1656
1085
1186
2085
1978
1678
1158
1201
2127
2022
1767
1227
1240
2298
2027
1784
1318
1249
2421
2099
1915
1333
1262
2439
2111
1983
1398
1268
2445
2123
2028
1414
1271
2471
2132
2059
1417
1274
2477
2142
2076
1542
1278
5
2168
2080
1562
1323
14
2211
2137
1662
1337
32
2216
2164
1693
1383
38
2267
2177
1753
1385
52
2285
2246
1762
1389
62
2295
2265
1770
1394
89
2373
2283
1829
1396
92
2380
2288
1847
1427
99
2388
2362
1893
1429
106
2393
2415
1900
1436
115
2436
2068
1471
26
128
2392
135
1544
28
147
323
152
1554
44
149
327
234
1582
48
157
370
260
1604
56
185
426
486
1612
72
203
460
622
1617
74
208
579
744
1627
118
210
605
756
1638
129
211
748
812
1705
162
214
804
842
1726
173
215
916
877
1737
180
221
1051
974
1743
181
228
1061
1053
1751
193
236
1162
1057
1768
194
239
1193
1098
1835
231
241
1257
1102
1836
268
250
1307
1147
1858
274
257
1369
1261
1920
276
261
1489
1265
1949
333
266
1629
1708
1968
340
283
1813
1833
1972
344
284
1879
1862
1980
347
293
1894
1873
2001
362
312
1994
1895
2007
403
315
2183
2077
2050
425
317
2281
2203
2064
431
326
2304
2224
2084
482
330
2493
2344
2096
493
336
2438
2100
4
496
351
2492
2104
90
497
363
2108
104
498
20
364
2109
256
555
95
372
2117
262
562
111
376
2125
309
574
117
384
2136
320
576
123
408
2167
360
598
132
430
2180
405
639
133
438
2185
427
645
150
440
2204
488
648
170
449
2234
504
652
174
462
2252
506
657
269
474
2308
569
665
308
508
2310
588
685
318
512
2320
635
702
328
520
2321
673
721
399
549
2327
684
740
447
553
2339
686
746
465
554
2354
795
759
523
568
2366
824
800
575
584
2411
871
810
611
585
2431
903
869
620
586
2432
907
924
646
587
2474
919
967
690
592
2488
1005
970
707
614
1089
986
728
29
617
1100
1011
731
41
619
1219
1037
747
54
631
1223
1056
753
63
638
1295
1065
762
71
641
1305
1119
772
86
651
1315
1122
778
91
660
1392
1123
793
98
680
1540
1127
802
109
708
1608
1132
828
125
720
1613
1179
837
126
739
1633
1191
841
155
752
1642
1203
846
159
770
1700
1209
852
165
784
1741
1212
890
172
807
1759
1224
917
195
856
1781
1258
926
198
857
1803
1276
982
232
859
2045
1316
985
244
864
2092
1319
1001
264
893
2105
1327
1004
267
894
2274
1352
1020
275
897
2369
1374
1038
280
898
2395
1375
1046
291
906
2447
1376
1076
302
922
2463
1382
1079
304
923
1399
1126
306
49
933
1400
1145
339
53
953
1405
1164
353
78
966
1416
1260
368
81
1054
1422
1269
377
85
1058
1460
1280
383
88
1067
1475
1290
387
107
1072
1484
1339
388
110
1074
1527
1371
397
116
1082
1529
1425
423
124
1114
1543
1432
452
163
1124
1565
1466
468
166
1154
1575
1492
478
183
1171
1589
1495
481
204
1204
1593
1507
487
225
1210
1605
1531
509
253
1228
1621
1537
518
292
1229
1635
1548
521
295
1264
1654
1610
522
332
1275
1699
1682
528
342
1285
1701
1702
548
369
1286
1703
1709
556
429
1301
1725
1728
577
444
1302
1824
1736
578
448
1306
1828
1782
603
467
1324
1837
1793
613
471
1325
1868
1827
625
475
1334
1871
1859
626
510
1336
1911
1885
647
535
1343
1934
1892
649
543
1347
1939
1901
653
544
1362
1951
1904
677
558
1366
1970
1921
700
572
1367
1973
1923
709
624
1372
1975
1925
729
632
1373
2008
1940
838
704
1384
2015
1950
845
722
1388
2042
1965
853
763
1434
2071
2033
861
776
1437
2083
2035
929
806
1452
2089
2043
945
817
1456
2150
2078
947
839
1465
2154
2086
963
868
1476
2184
2091
1043
883
1493
2194
2097
1050
888
1500
2311
2116
1062
930
1520
2335
2122
1063
972
1525
2340
2131
1093
991
1526
2382
2153
1099
992
1538
2444
2160
1103
1007
1556
2453
2165
1111
1017
1566
2464
2176
1133
1021
1573
2256
1146
42
1022
1590
2260
1173
43
1045
1616
2273
1178
60
1055
1647
2330
1197
154
1091
1655
2334
1202
184
1095
1658
2338
1231
190
1097
1680
2358
1279
222
1135
1683
2372
1281
223
1143
1687
2375
1332
290
1157
1691
2384
1348
334
1168
1722
2407
1357
343
1174
1739
2424
1403
358
1182
1749
2448
1409
373
1195
1756
2456
1415
409
1211
1775
2461
1450
417
1225
1795
2467
1455
436
1235
1796
2486
1487
552
1239
1805
17
1510
604
1242
1817
35
1518
612
1255
1841
93
1524
640
1273
1843
108
1550
658
1297
1845
153
1555
661
1304
1846
179
1557
679
1311
1853
201
1578
682
1317
1856
202
1583
697
1360
1864
233
1591
699
1365
1889
248
1615
715
1379
1890
271
1619
716
1390
1902
319
1652
755
1408
1905
321
1692
799
1419
1912
325
1711
813
1435
1919
331
1717
834
1445
1928
407
1732
849
1447
1930
416
1760
908
1459
1932
531
1764
951
1504
1936
539
1766
978
1515
1941
551
1769
998
1532
1944
591
1783
1018
1587
1946
667
1815
1019
1626
1955
775
1825
1105
1634
1962
780
1834
1159
1639
1963
781
1852
1192
1648
1964
850
1857
1194
1665
1981
993
1875
1230
1672
1989
1080
1896
1251
1694
2004
1090
1898
1259
1706
2009
1109
1903
1300
1731
2020
1112
1916
1303
1746
2052
1160
1924
1402
1771
2058
1196
1937
1413
1799
2067
1214
1977
1426
1822
2075
1220
1985
1430
1861
2090
1234
1998
1509
1865
2094
1238
1999
1516
1906
2095
1381
2016
1530
1952
2114
1397
2030
1546
1971
2144
1406
2036
1561
1993
2145
1411
2061
1595
2025
2171
1431
2081
1598
2032
2172
1467
2106
1620
2034
2175
1483
2115
1636
2093
2202
1534
2134
1704
2103
2212
1624
2188
1714
2113
2213
1631
2189
1727
2138
2218
1690
2192
1738
2140
2231
1707
2206
1757
2149
2236
1715
2221
1778
2166
2245
1779
2225
1787
2181
2257
1785
2226
1870
2196
2263
1877
2232
1881
2230
2277
1917
2233
1913
2248
2284
1991
2237
1948
2266
2286
2066
2238
1961
2271
2301
2098
2242
2005
2276
2306
2135
2244
2046
2282
2314
2151
2251
2120
2290
2316
2163
2275
2178
2341
2326
2240
2296
2228
2343
2331
2291
2318
2253
2360
2350
2305
2323
2270
2361
2353
2348
2324
2272
2370
2359
2377
2328
2293
2403
2389
2386
2356
2371
2409
2412
2390
2365
2404
2425
2417
2405
2376
2406
2430
2418
2408
2379
2454
2441
2422
2427
2383
2460
2452
2433
2446
2443
2480
2469
2466
2457
2449
2495
2470
2472
2494
2482
2496
2483
2487
