1197
954
925
949
1778
1258
1217
1194
1638
2386
677
2269
1903
724
1362
68
1573
963
386
1890
2334
2438
339
2143
1666
799
1850
2178
777
331
2007
1752
711
1536
721
126
484
1375
1906
1920
1400
1390
78
2335
1380
2445
1014
2306
780
2152
1813
523
1316
1993
1124
1200
853
274
1705
848
2414
1272
1377
1133
24
1213
1289
1554
525
1198
151
2327
1960
1791
756
1035
316
2255
686
1464
1319
1747
1923
414
2292
755
2013
804
1743
2105
1186
1602
624
778
1273
2284
1913
846
288
451
500
1773
1255
689
2238
969
50
2417
102
1484
1725
1632
133
1240
1876
1260
554
117
1891
1364
1513
2319
2077
2465
1356
2348
2021
770
1460
494
1994
1323
2003
1904
2488
605
2017
2076
1835
867
810
1009
1802
668
938
2197
1360
816
1134
2067
1486
765
1503
586
428
389
2241
1804
943
1845
1317
1612
670
72
1392
1997
49
493
2286
1961
1831
12
1977
2130
806
1814
1556
985
2163
275
175
2260
907
291
19
424
1926
2116
216
1280
1675
712
993
262
1537
573
2492
325
2165
2064
3
2361
2424
735
1152
982
303
2018
1418
1131
734
2343
1405
13
1669
155
1856
1664
30
1341
2413
136
1244
1181
1411
1499
1403
1228
2072
882
2460
1470
1068
822
2206
1135
1067
2210
1069
1746
1476
73
153
902
134
908
397
874
1506
1789
736
346
1884
543
910
696
1990
953
606
1567
1701
192
2173
2328
2472
1168
1176
757
1002
298
1061
1531
359
1727
194
1453
395
2062
2300
259
247
2341
27
912
2372
855
531
157
574
1098
2183
786
1113
287
150
2483
38
436
891
623
107
1127
1492
589
1180
437
2451
2217
2043
295
14
1517
1623
898
1927
1185
1717
2394
2399
1036
1869
1597
1901
2167
1982
1978
1081
1132
1391
662
2453
1282
864
2478
2042
1508
1617
416
2155
971
1834
1898
2091
2324
1543
1600
1753
2158
1277
1031
1558
646
442
218
880
2020
615
2276
603
1942
1268
2354
685
1829
1767
1394
984
1871
1404
1862
130
2233
904
1986
293
596
1110
1305
426
1604
664
366
2382
1792
751
2437
341
2282
1033
2396
1803
620
1776
1473
419
911
61
893
1584
1886
2494
2406
1401
837
521
2001
1954
1714
2180
900
1722
1784
941
2069
2431
2498
1063
1480
33
309
2419
2351
1698
7
1712
1399
716
1294
98
446
2144
656
1921
892
1446
2208
1800
2024
1190
2317
529
840
375
2174
2146
2365
1353
1805
1755
1122
1866
1951
2468
156
1785
923
148
922
1276
2497
737
321
1259
1351
198
1038
1607
1880
946
942
1346
1166
986
1250
240
981
348
384
83
926
132
1444
2491
1450
1407
1902
2444
1447
1154
1247
1296
2089
454
583
1915
1179
290
2084
2430
1756
1853
2441
507
1382
940
167
1307
2384
2186
1631
23
1671
160
643
1605
1657
1354
22
1148
152
2199
1322
1156
640
2040
129
909
2214
1281
1293
1381
283
572
409
1324
410
2313
193
927
1184
1105
1681
2477
2469
161
1074
183
2202
2412
355
1868
1819
1209
691
2283
1937
1335
1718
252
2493
53
2124
2098
2321
2489
2028
1456
526
1384
2331
1057
894
1010
1288
1078
789
2151
1415
1596
1540
450
1875
1544
936
2154
1667
184
530
2336
2462
798
1967
637
1609
93
2133
2376
1224
629
289
2371
59
842
1112
1019
2398
1306
839
1032
489
128
1158
632
378
482
729
1274
1616
1731
1398
1619
1395
1393
1732
235
1968
1914
255
1111
961
358
36
506
2182
334
1795
1297
226
164
1947
1911
1073
856
1490
2463
429
1494
2162
534
865
236
550
1525
2428
1989
1219
1575
556
2367
851
1643
1716
1929
2452
2302
1979
1564
40
2041
1433
1700
792
854
645
1338
1591
2211
1263
1764
1374
1955
1234
701
1650
1832
1302
109
2009
1094
2405
1160
497
2087
2053
1614
2030
1962
1488
906
1452
2170
860
613
2097
634
1561
421
105
1895
1524
344
948
918
1585
1059
1765
2138
1644
2198
2390
1844
2134
1892
1109
432
1417
1706
464
112
559
368
702
2310
2234
1796
519
1482
1532
608
1807
2411
879
829
292
2034
1373
158
552
1136
1320
1408
188
243
1905
763
845
142
2473
930
504
2095
726
2295
899
1028
417
933
585
1242
2294
549
1340
97
610
1371
1874
1146
2250
1474
514
1786
103
469
1635
570
1854
181
812
411
233
2189
1266
1487
1478
913
2074
633
694
2066
989
1595
492
137
666
1858
2274
522
1256
206
2103
1203
1431
0
1422
1427
1826
485
682
108
1563
1264
516
2450
308
768
470
793
2262
52
636
814
518
1742
390
2088
2375
1432
604
1552
6
2397
951
916
1496
1107
1037
873
204
1120
649
2169
1665
1976
679
1857
2099
1721
1924
2314
752
1995
5
466
176
2172
144
1096
1777
434
1191
92
533
697
1763
1846
508
382
1189
1757
398
1292
2045
1151
2456
91
628
878
2346
565
1192
1606
86
354
2280
866
935
2004
495
391
1598
886
221
2205
831
660
2388
1559
2161
260
868
1881
2213
1501
413
257
2449
2191
34
1012
1137
207
1710
185
1101
1917
347
1797
186
1029
1730
1025
2352
723
2010
1787
760
959
2279
1611
1084
21
1378
1820
978
1048
406
2270
747
2110
1822
173
393
684
730
1024
648
1366
1998
1493
278
551
328
187
1930
861
2049
2093
1491
754
1130
80
1538
407
2271
761
1618
2230
827
443
1229
546
2426
1461
843
2140
1304
356
833
1170
965
1541
924
1076
244
1668
2339
1145
647
1848
536
1738
343
638
2237
800
762
581
544
154
483
678
307
1680
335
1842
1788
304
1761
2323
2221
1214
687
1899
1020
2243
264
1910
1342
1303
474
400
1336
2249
1975
211
1523
1108
139
2305
1349
1370
2188
1841
169
2207
2032
2125
1472
1126
1547
593
79
2039
1206
2006
374
84
1696
2389
2266
1215
784
2201
342
590
267
433
1590
2081
1645
1992
819
532
1205
758
1171
327
1526
2455
1958
876
281
1925
805
998
1410
1603
996
2120
838
1529
1933
381
1843
767
2298
2216
214
1318
249
903
2078
1279
630
427
496
56
1830
2051
560
229
1670
1328
1704
338
2019
2340
999
1694
781
1766
1883
1922
2345
1576
2092
2495
1699
920
1376
2435
1642
96
461
1312
2440
728
370
2447
376
2393
69
1514
1241
1774
1539
1055
2410
669
2408
2085
759
1794
2141
612
2115
2265
479
1049
1855
1284
1121
1330
513
471
2153
1622
2031
1313
801
2139
254
979
655
2467
2486
284
412
674
618
1581
363
1662
1361
66
791
1165
104
2268
1798
2373
883
1847
1828
2427
199
1257
234
18
1685
282
1125
2228
336
688
1423
1062
318
2176
1269
1483
1397
915
2023
349
143
1139
372
2457
1367
994
2122
1309
208
263
635
1389
26
975
165
2330
1888
1867
276
418
248
2337
2479
877
1155
1560
1703
1199
671
1287
1196
2011
555
95
123
2364
1138
1810
1064
2005
1140
1542
1466
2311
1086
1359
601
1772
1301
177
592
1511
597
1545
166
480
849
1116
1424
149
1672
1017
2299
2490
811
1686
1653
2127
118
962
2179
1357
887
1885
512
563
1909
871
2421
1080
651
1770
1216
2082
1689
1633
748
1435
1535
232
821
146
279
1769
2383
2184
881
1963
968
2325
127
875
2046
1648
2380
663
145
2461
1818
202
1221
1420
2320
1996
527
251
1586
1679
2123
2253
1187
1030
567
1039
444
330
642
1971
964
753
2232
2400
2379
1299
100
1046
475
2171
2290
858
1507
588
430
213
320
2403
872
2014
2474
1285
1144
1175
81
131
273
826
808
1711
182
535
383
584
1413
2446
76
377
980
956
1860
1430
602
744
223
1953
659
135
20
47
813
75
1286
1167
540
195
654
1620
2190
1630
1153
2436
732
972
2257
1660
1442
2027
456
1621
2242
1050
1783
1593
1658
1983
1481
1549
452
2160
9
1347
1771
2209
901
332
473
616
1161
1565
2226
44
440
2378
2000
977
1659
312
2448
115
1053
773
490
520
1627
1833
140
914
2432
2480
2121
1760
2148
212
834
2008
1577
1661
2481
2231
1943
1419
741
43
2252
517
713
2395
210
1505
1363
1502
1106
1637
217
2149
797
1077
2312
458
1169
2297
802
2358
1149
501
1863
1894
1339
1406
1173
324
619
1737
1369
296
545
1634
1973
116
179
322
1715
672
230
2357
1688
658
828
478
1849
2061
1571
460
983
2070
1088
326
231
487
1682
2487
1751
1555
1497
67
1246
1462
1568
617
1421
988
74
404
1164
1838
917
1702
2132
2433
11
1436
463
939
1713
561
547
256
1553
54
772
2058
362
719
329
717
1601
2281
422
439
1041
1647
1938
2025
16
1693
1327
1283
1570
1469
1455
209
815
553
85
2036
1475
1808
1227
385
722
503
2350
1128
1117
1402
2050
2104
850
2459
657
2322
580
1512
1195
200
82
2275
387
1533
1974
771
1178
995
820
1016
1118
796
2187
1089
1477
311
477
1741
1372
2220
180
313
1695
2470
832
1232
2362
1959
749
2083
379
1916
1425
2401
844
764
1449
1066
405
2363
1522
905
170
1745
481
1980
294
141
1141
220
2285
125
246
541
71
159
1239
1343
239
2342
2347
2407
2079
1519
1027
1345
2204
2012
1651
467
1463
699
8
1459
2048
2117
582
889
2381
627
1520
709
1587
1649
1085
1095
885
1388
1440
1551
1438
2192
1504
388
491
197
2080
2131
1495
1163
852
337
1034
1162
1510
2106
2422
122
863
285
1836
1489
472
1780
1251
2035
2301
238
1018
779
42
746
1
1726
2458
1562
1599
1412
1594
1261
1344
39
2254
1566
350
740
1896
1608
1177
841
896
87
2434
2291
1249
1458
1013
1956
1500
1949
2273
1984
1471
641
46
2065
77
31
28
1082
99
2353
1592
314
1663
515
510
300
1550
1683
2136
124
453
253
1337
1739
2482
319
277
1071
1065
2194
286
960
2026
725
1099
2137
1817
594
1265
401
825
528
1100
538
1991
1972
1291
715
897
1000
2329
2278
1985
41
639
268
1070
1159
1298
1692
1004
62
1243
695
803
542
219
245
351
2060
1182
1075
575
571
269
89
420
681
1211
2159
2415
114
1720
587
1333
1352
270
2476
178
683
1530
1639
703
1058
1231
1060
2166
45
1852
2235
1624
1733
367
2150
241
1655
2402
1143
488
795
1006
745
991
1091
399
505
1900
2466
558
1572
2272
1897
323
673
1527
1441
2015
511
2425
1097
110
2218
1193
557
1870
790
1210
1396
818
147
2111
340
947
539
1072
352
676
987
1183
599
462
568
665
1350
2387
1707
1735
823
1936
1365
1957
1056
2156
700
614
750
1092
1385
369
1687
1907
952
163
2002
1001
1589
766
945
171
2496
1230
138
631
1889
1861
1348
1355
1744
1331
1610
455
776
2185
468
2263
2369
1426
306
2392
1893
707
1271
1583
2251
228
1824
32
1236
2308
2267
2052
2442
743
280
2332
2287
667
317
1142
502
425
1678
595
162
1945
2094
2307
2175
1579
625
2168
203
476
1793
2360
447
2366
973
817
1934
58
1434
1383
650
1147
2229
2054
2471
499
1358
921
1270
258
2222
742
1873
57
775
774
1087
2096
2108
708
1970
1812
394
1443
2107
2181
2247
373
890
119
1207
714
1208
2318
498
1479
1872
2391
1220
1290
1825
1809
448
1641
611
997
1172
704
2157
242
2219
1656
929
64
1023
35
2029
1516
1326
974
237
1528
1245
1521
1498
2404
299
932
1928
1015
1719
992
360
591
2109
2135
2248
1468
738
1673
120
415
824
1981
967
459
1451
1051
1044
2195
1465
1157
919
1104
25
1368
2212
2258
2385
1952
2370
301
1235
465
1654
1748
1387
1439
2
2368
1238
706
2349
2044
2037
2022
1428
537
566
2119
17
2224
862
2303
2073
1129
690
1859
55
1409
2145
577
693
60
365
578
431
579
937
113
2086
168
2056
2223
675
830
1223
2418
70
1816
2309
884
621
1939
1931
692
2240
2499
1201
2196
2333
598
4
265
1548
1007
2356
888
2225
680
1729
1878
1918
1950
1864
2344
600
1615
2454
957
1827
1429
1090
1253
720
2215
1821
1736
37
976
2055
2177
607
2057
250
1233
1518
1315
1940
2059
1823
2316
1779
807
958
205
2164
392
1758
2245
966
2114
402
1799
2256
2423
1119
1188
1254
661
1740
1574
1697
1879
2277
1202
1534
731
2355
94
1222
48
1734
445
1815
51
1414
1448
1882
65
121
441
2289
305
576
1646
1578
2416
1676
1454
1310
1946
1919
2047
928
769
2236
396
2429
652
653
1652
2033
106
2142
1759
1079
1278
1932
1966
1948
191
1969
215
224
266
2118
271
174
2439
1987
509
361
1026
2420
1042
2246
29
2464
626
2261
1103
562
1557
1790
2068
10
1052
1262
1839
1580
950
2112
2484
1768
2113
857
836
297
1457
1988
1008
739
1416
2377
1626
1851
782
1114
727
1935
2038
438
2259
380
1877
1750
189
2475
809
2075
449
1613
2296
1226
548
1437
2244
1912
1045
970
2126
310
1677
944
1941
835
1691
1314
408
847
2101
222
1775
63
733
227
794
990
1102
1628
201
302
1225
457
1325
1308
435
564
783
2359
1115
1782
1625
1174
2293
1252
1754
1150
1964
1999
895
1334
2338
1674
1569
1321
2100
1467
1781
2016
622
785
1837
1218
1040
2304
357
1204
1723
2485
2147
1582
1212
2129
1801
371
2200
364
1083
90
524
1728
1275
1267
1887
1311
710
345
2193
1840
272
1684
1749
2374
88
1640
1329
1908
1546
787
2288
1011
1865
1485
1047
1123
2090
111
1811
2409
1806
101
1003
2128
1237
2315
1629
1690
1021
2239
569
859
2264
225
2227
1386
1944
1093
2443
190
788
2102
1709
1043
1965
869
955
486
196
1509
931
609
1332
423
1022
1515
644
934
2071
1248
2203
705
698
261
870
2063
1300
1295
1636
1588
1708
718
403
1005
172
333
2326
353
15
1724
315
1379
1762
1054
1445
