2487
2483
2496
2482
2494
2472
2470
2495
2449
2457
2466
2469
2480
2443
2446
2433
2452
2460
2383
2427
2422
2441
2454
2379
2408
2418
2430
2406
2376
2405
2417
2425
2404
2365
2390
2412
2409
2371
2356
2386
2389
2403
2293
2328
2377
2359
2370
2272
2324
2348
2353
2361
2270
2323
2305
2350
2360
2253
2318
2291
2331
2343
2228
2296
2240
2326
2341
2178
2275
2163
2316
2290
2120
2251
2151
2314
2282
2046
2244
2135
2306
2276
2005
2242
2098
2301
2271
1961
2238
2066
2286
2266
1948
2237
1991
2284
2248
1913
2233
1917
2277
2230
1881
2232
1877
2263
2196
1870
2226
1785
2257
2181
1787
2225
1779
2245
2166
1778
2221
1715
2236
2149
1757
2206
1707
2231
2140
1738
2192
1690
2218
2138
1727
2189
1631
2213
2113
1714
2188
1624
2212
2103
1704
2134
1534
2202
2093
1636
2115
1483
2175
2034
1620
2106
1467
2172
2032
1598
2081
1431
2171
2025
1595
2061
1411
2145
1993
1561
2036
1406
2144
1971
1546
2030
1397
2114
1952
1530
2016
1381
2095
1906
1516
1999
1238
2094
1865
1509
1998
1234
2090
1861
1430
1985
1220
2075
1822
1426
1977
1214
2067
1799
1413
1937
1196
2058
1771
1402
1924
1160
2052
1746
1303
1916
1112
2020
1731
1300
1903
1109
2009
1706
1259
1898
1090
2004
1694
1251
1896
1080
1989
1672
1230
1875
993
1981
1665
1194
1857
850
1964
1648
1192
1852
781
1963
1639
1159
1834
780
1962
1634
1105
1825
775
1955
1626
1019
1815
667
1946
1587
1018
1783
591
1944
1532
998
1769
551
1941
1515
978
1766
539
1936
1504
951
1764
531
1932
1459
908
1760
416
1930
1447
849
1732
407
1928
1445
834
1717
331
1919
1435
813
1711
325
1912
1419
799
1692
321
1905
1408
755
1652
319
1902
1390
716
1619
271
1890
1379
715
1615
248
1889
1365
699
1591
233
1864
1360
697
1583
202
1856
1317
682
1578
201
1853
1311
679
1557
179
1846
1304
661
1555
153
1845
1297
658
1550
108
1843
1273
640
1524
93
1841
1255
612
1518
35
1817
1242
604
1510
17
1805
1239
552
1487
2486
1796
1235
436
1455
2467
1795
1225
417
1450
2461
1775
1211
409
1415
2456
1756
1195
373
1409
2448
1749
1182
358
1403
2424
1739
1174
343
1357
2407
1722
1168
334
1348
2384
1691
1157
290
1332
2375
1687
1143
223
1281
2372
1683
1135
222
1279
2358
1680
1097
190
1231
2338
1658
1095
184
1202
2334
1655
1091
154
1197
2330
1647
1055
60
1178
2273
1616
1045
43
1173
2260
1590
1022
42
1146
2256
1573
1021
1133
2176
2464
1566
1017
1111
2165
2453
1556
1007
1103
2160
2444
1538
992
1099
2153
2382
1526
991
1093
2131
2340
1525
972
1063
2122
2335
1520
930
1062
2116
2311
1500
888
1050
2097
2194
1493
883
1043
2091
2184
1476
868
963
2086
2154
1465
839
947
2078
2150
1456
817
945
2043
2089
1452
806
929
2035
2083
1437
776
861
2033
2071
1434
763
853
1965
2042
1388
722
845
1950
2015
1384
704
838
1940
2008
1373
632
729
1925
1975
1372
624
709
1923
1973
1367
572
700
1921
1970
1366
558
677
1904
1951
1362
544
653
1901
1939
1347
543
649
1892
1934
1343
535
647
1885
1911
1336
510
626
1859
1871
1334
475
625
1827
1868
1325
471
613
1793
1837
1324
467
603
1782
1828
1306
448
578
1736
1824
1302
444
577
1728
1725
1301
429
556
1709
1703
1286
369
548
1702
1701
1285
342
528
1682
1699
1275
332
522
1610
1654
1264
295
521
1548
1635
1229
292
518
1537
1621
1228
253
509
1531
1605
1210
225
487
1507
1593
1204
204
481
1495
1589
1171
183
478
1492
1575
1154
166
468
1466
1565
1124
163
452
1432
1543
1114
124
423
1425
1529
1082
116
397
1371
1527
1074
110
388
1339
1484
1072
107
387
1290
1475
1067
88
383
1280
1460
1058
85
377
1269
1422
1054
81
368
1260
1416
966
78
353
1164
1405
953
53
339
1145
1400
933
49
306
1126
1399
923
304
1079
1382
2463
922
302
1076
1376
2447
906
291
1046
1375
2395
898
280
1038
1374
2369
897
275
1020
1352
2274
894
267
1004
1327
2105
893
264
1001
1319
2092
864
244
985
1316
2045
859
232
982
1276
1803
857
198
926
1258
1781
856
195
917
1224
1759
807
172
890
1212
1741
784
165
852
1209
1700
770
159
846
1203
1642
752
155
841
1191
1633
739
126
837
1179
1613
720
125
828
1132
1608
708
109
802
1127
1540
680
98
793
1123
1392
660
91
778
1122
1315
651
86
772
1119
1305
641
71
762
1065
1295
638
63
753
1056
1223
631
54
747
1037
1219
619
41
731
1011
1100
617
29
728
986
1089
614
707
970
1005
2488
592
690
967
919
2474
587
646
924
907
2432
586
620
869
903
2431
585
611
810
871
2411
584
575
800
824
2366
568
523
759
795
2354
554
465
746
686
2339
553
447
740
684
2327
549
399
721
673
2321
520
328
702
635
2320
512
318
685
588
2310
508
308
665
569
2308
474
269
657
506
2252
462
174
652
504
2234
449
170
648
488
2204
440
150
645
427
2185
438
133
639
405
2180
430
132
598
360
2167
408
123
576
320
2136
384
117
574
309
2125
376
111
562
262
2117
372
95
555
256
2109
364
20
498
104
2108
363
497
90
2104
2492
351
496
4
2100
2438
336
493
2096
2344
2493
330
482
2084
2224
2304
326
431
2064
2203
2281
317
425
2050
2077
2183
315
403
2007
1895
1994
312
362
2001
1873
1894
293
347
1980
1862
1879
284
344
1972
1833
1813
283
340
1968
1708
1629
266
333
1949
1265
1489
261
276
1920
1261
1369
257
274
1858
1147
1307
250
268
1836
1102
1257
241
231
1835
1098
1193
239
194
1768
1057
1162
236
193
1751
1053
1061
228
181
1743
974
1051
221
180
1737
877
916
215
173
1726
842
804
214
162
1705
812
748
211
129
1638
756
605
210
118
1627
744
579
208
74
1617
622
460
203
72
1612
486
426
185
56
1604
260
370
157
48
1582
234
327
149
44
1554
152
323
147
28
1544
135
2392
128
26
1471
2068
2436
115
1436
1900
2415
2393
106
1429
1893
2362
2388
99
1427
1847
2288
2380
92
1396
1829
2283
2373
89
1394
1770
2265
2295
62
1389
1762
2246
2285
52
1385
1753
2177
2267
38
1383
1693
2164
2216
32
1337
1662
2137
2211
14
1323
1562
2080
2168
5
1278
1542
2076
2142
2477
1274
1417
2059
2132
2471
1271
1414
2028
2123
2445
1268
1398
1983
2111
2439
1262
1333
1915
2099
2421
1249
1318
1784
2027
2298
1240
1227
1767
2022
2127
1201
1158
1678
1978
2085
1186
1085
1656
1959
2072
1176
1064
1623
1933
2069
1142
957
1611
1910
2002
1137
851
1535
1872
1990
1118
771
1533
1867
1953
1116
706
1514
1820
1887
1081
691
1491
1808
1878
1052
567
1486
1788
1826
1041
532
1482
1777
1774
1000
490
1458
1761
1748
979
441
1453
1716
1677
971
307
1439
1671
1606
965
278
1364
1660
1586
954
245
1355
1657
1558
944
209
1313
1607
1547
927
176
1288
1442
1511
915
25
1263
1410
1497
912
16
1144
1314
1457
902
1140
1253
2455
1433
901
1134
1245
2429
1428
896
1078
1213
2416
1338
895
1073
1199
2313
1335
887
1068
1187
2287
1309
874
1032
1152
2227
1294
860
995
1130
2156
1248
811
936
1128
1987
1180
794
840
1125
1982
1175
788
835
1108
1956
1131
774
833
1101
1926
976
765
825
1015
1752
968
764
791
990
1649
949
758
602
969
1643
942
751
601
950
1609
830
745
561
937
1585
818
735
546
875
1570
768
710
502
858
1503
737
703
470
844
1480
730
675
412
827
1474
718
669
398
805
1368
705
659
316
754
1353
687
643
288
742
1283
642
629
189
711
1241
637
615
39
701
1221
590
573
692
1031
2082
565
559
664
940
2073
538
526
662
925
2014
514
524
654
831
1729
437
501
627
815
1713
421
479
589
761
1646
415
455
557
723
1569
395
454
542
540
1499
380
451
541
527
1287
355
411
537
410
921
329
392
536
136
905
313
379
517
848
2485
298
366
473
847
2410
294
335
464
843
2387
265
273
453
816
2342
207
251
404
674
2322
177
229
381
634
2317
171
219
365
566
2315
148
212
314
550
2302
120
186
289
547
2294
114
167
279
374
2262
64
164
246
138
2259
18
161
206
70
2205
137
2491
169
36
2190
119
2465
158
2
2170
102
2435
121
2498
2146
84
2423
112
2363
2129
58
2396
97
2351
2121
47
2381
46
2309
2102
3
2368
7
2268
2039
2355
2307
2243
1992
2478
2345
2249
2201
1811
2442
2329
2214
2199
1763
2428
2279
2155
2169
1755
2413
2261
2055
2048
1740
2357
2186
1986
2047
1719
2349
2161
1929
2017
1710
2337
2159
1927
2003
1688
2195
2139
1908
1967
1686
2191
2128
1807
1918
1685
2148
2124
1724
1880
1679
2141
2112
1697
1869
1637
2107
2110
1664
1849
1584
2079
2053
1663
1848
1572
2051
2038
1603
1819
1528
1996
2018
1597
1744
1501
1897
2010
1449
1730
1412
1780
1969
1448
1721
1349
1772
1945
1391
1577
1322
1675
1831
1386
1519
1244
1674
1814
1299
1512
1207
1630
1718
1246
1508
1181
1545
1651
1215
1485
1169
1536
1521
1033
1438
1165
1522
1498
1002
1404
1120
1478
1472
977
1401
1092
1440
1377
941
1361
1087
1296
1312
876
1326
1066
1250
1151
872
1321
973
1243
1136
650
1167
935
1200
1069
630
1115
909
1150
1040
480
1094
889
1110
1023
456
1075
886
994
975
338
1039
884
956
819
242
989
865
943
789
237
981
832
934
636
196
952
787
911
529
13
938
769
910
505
928
757
2490
792
458
899
698
2468
786
443
885
672
2459
732
367
882
571
2394
695
301
881
534
2367
688
141
880
511
2346
656
96
878
483
2333
606
31
826
413
2325
563
24
821
375
2239
499
22
809
359
2208
428
767
356
2087
357
2475
736
354
2060
263
1914
727
337
2044
217
1838
712
296
2026
187
1205
670
286
1984
127
1183
644
285
1931
83
1070
594
224
1899
27
808
533
65
1891
6
749
516
45
1888
599
2434
484
12
1866
434
2197
469
10
1844
69
2130
418
0
1812
37
2118
391
2499
1804
23
1976
324
2481
1798
15
1943
277
2479
1794
1840
2476
255
2462
1791
1443
2426
175
2437
1765
1341
2182
168
2385
1745
1340
1839
156
2336
1596
1185
1789
105
2303
1571
862
1733
101
2229
1479
348
1712
100
2133
1462
322
1684
57
2101
1441
282
1661
51
1997
1378
258
1653
30
1966
1351
254
1468
19
1958
1330
146
1395
2398
1954
1328
2473
1370
2391
1842
1282
2297
1298
2292
1802
1272
2235
1208
1854
1670
1256
2220
1153
1821
1667
1254
2217
1149
1801
1650
1206
2029
1113
1720
1599
1198
1886
1014
1676
1579
1121
1773
760
1359
1505
984
1418
750
1270
1502
900
1407
741
1148
1488
801
1189
713
790
1470
725
1129
513
581
1451
717
1084
419
525
1444
681
1083
389
341
1387
628
1060
371
94
1356
595
1003
252
1
1226
564
904
213
1138
435
2157
822
197
1096
414
1855
782
160
1047
77
1734
463
8
1013
59
1666
420
2374
987
1640
2497
394
2352
914
1625
2401
178
2119
892
1602
2299
75
2056
836
1252
2210
2400
1947
829
1188
2187
2399
1942
798
1028
1995
2300
1800
797
961
1790
2179
1747
779
959
1689
2158
1669
724
948
1641
2040
1594
609
803
1632
1960
1574
600
719
1614
1816
1567
582
623
1481
1776
1469
519
583
1320
1754
1354
507
433
1277
1696
1218
489
401
1236
1644
1170
445
382
1086
1628
1012
424
346
1034
1477
1010
400
300
980
1473
1006
350
287
714
1446
996
140
243
500
1421
962
134
61
247
1310
958
131
33
188
1289
814
122
103
1247
777
2484
79
1163
734
2254
2198
1161
733
2065
2193
2440
879
671
1806
2174
2209
855
607
1553
2023
2031
854
597
1344
1645
2011
696
477
1059
1618
1957
694
466
1042
1552
1935
596
459
766
1551
1549
461
457
530
1541
1494
393
349
422
1490
873
305
303
199
1454
570
80
259
191
1216
2458
76
240
67
1117
2378
2489
218
2278
823
2264
2450
142
2222
378
2057
2200
68
2207
345
2024
2074
2070
2037
205
2012
1874
2041
1909
113
1907
1863
1979
1830
2420
1832
1809
1884
1184
2364
1758
1622
1750
1172
2219
1673
1588
1695
1106
2063
1668
1071
1576
1029
1876
1517
1027
1568
999
1563
1420
726
1513
743
1539
1329
655
1464
446
1346
1088
442
1463
238
1222
693
361
1350
82
738
610
272
1291
21
200
485
270
870
139
432
2312
689
2289
2414
182
2280
633
2258
2397
73
2162
580
1882
2173
2332
2126
545
1823
2143
1883
2062
495
1810
1938
1735
1974
472
1681
1922
1308
1851
406
1564
1698
1025
1792
396
1393
1659
863
1581
390
1363
1580
503
1560
145
1293
1342
386
1559
9
1155
1266
192
1506
1141
1190
2223
2451
1292
1077
1036
1423
2088
1267
1049
1024
1166
1988
1156
1044
1016
997
1797
1104
1009
939
676
1592
891
1008
913
297
1496
773
666
663
2269
1331
618
476
621
2021
1284
515
352
299
2019
1237
492
311
40
1742
1232
227
310
1601
1030
216
2000
281
946
983
55
1723
249
918
964
34
988
144
867
932
1860
796
143
785
820
1786
678
66
683
608
1600
593
87
220
1177
130
2402
1048
2419
2347
2247
2215
235
2255
2054
2152
920
151
1380
1850
2013
616
1358
1461
2006
450
2241
1107
1233
1035
230
2147
491
1217
866
50
1345
226
960
402
11
1026
494
2250
1424
2319
1818
439
2049
1139
955
1523
385
931
668
560
783
