2033
959
1471
285
1509
1327
208
18
19
608
1404
1342
1860
359
485
1462
1963
2205
221
2239
167
117
2411
2162
135
702
1460
1231
766
1154
443
1289
828
837
1388
909
2435
1630
274
1750
2121
1930
1326
1677
1197
2170
637
1504
2079
866
955
1916
1006
2474
1845
2414
1468
257
1201
611
2238
744
1196
2197
458
2147
1533
509
1799
523
2366
1562
1597
2488
1965
42
2209
323
873
1476
2469
544
227
1859
496
725
2375
293
1443
419
993
2380
2357
654
478
510
982
2320
1952
820
1277
1335
2487
1018
337
980
1929
1194
2149
341
388
1840
1263
2276
985
1948
252
2292
2493
1054
115
579
340
406
651
1438
31
2129
2286
1535
1889
2377
1382
373
992
421
907
517
1881
1802
1833
1770
1127
1542
777
254
2370
113
1445
382
506
2053
1015
1653
1785
1387
1525
1782
609
205
1755
1858
44
689
669
1655
1672
703
1779
1085
1208
1828
2443
1340
33
48
736
2069
1047
1741
410
1854
318
118
251
1625
1419
2250
2131
2102
158
1543
1239
593
2084
1489
1389
338
869
2434
1971
2437
2293
1358
1825
108
650
2344
577
861
794
2015
1215
1629
1100
969
52
1072
748
965
234
1912
2116
742
588
1232
2413
400
2201
1257
2376
2221
2196
2194
308
2441
2183
791
2446
1495
1956
35
526
209
2064
69
2444
497
305
568
2317
172
1803
1538
1417
898
2106
2254
2097
741
2412
729
1764
2285
321
918
1280
352
1615
705
1725
331
562
2047
249
2189
2059
1618
153
2215
1442
1023
1568
1987
242
116
935
136
1038
1743
948
1205
521
1926
1606
316
2031
1907
1082
2398
2029
356
1685
903
708
1113
602
610
1132
872
2231
834
2174
2
663
774
2298
858
1032
2269
2329
1788
2460
2267
1809
1003
911
1888
80
371
675
162
2087
2021
967
2000
513
529
683
2227
1456
1158
2405
1480
2427
2390
2479
1592
2058
1083
977
1408
1944
2450
763
199
2331
2273
1834
1258
636
198
7
1211
46
1566
2456
1329
2152
2478
571
1808
2075
1150
2403
362
1815
73
2374
1731
1953
1275
313
1524
2219
304
2065
14
699
1529
203
385
647
2356
1267
1554
1595
137
1545
1990
501
2338
835
1805
1059
756
979
397
2130
555
55
1601
648
2164
930
1322
751
1512
1679
1617
1691
765
2379
1681
1351
787
1185
814
1045
1823
1139
680
202
278
592
772
809
1539
78
1620
1993
2195
913
1314
553
2088
1324
1109
923
624
896
1701
1577
1616
724
1843
412
24
1429
620
518
986
1332
2108
2180
235
1647
863
2245
1619
1665
2408
1406
1114
1511
484
2458
1721
1270
1074
792
272
2159
1199
441
320
862
236
456
1591
247
332
999
1962
783
543
1974
1656
933
2415
2082
1179
89
642
1660
1863
1187
375
2406
1769
1458
1540
1328
325
1110
339
1371
1688
1689
511
1365
127
2158
2208
2154
1634
552
691
1673
2350
1262
490
1555
489
310
265
1363
2351
550
266
1036
2420
1569
2225
541
1969
349
1759
405
604
156
2321
2289
1379
722
1570
585
348
291
2358
1268
2361
558
876
1244
1313
2066
2022
622
2400
2246
717
377
1675
2431
1493
238
1640
1800
851
2426
713
2291
779
2433
1031
472
2089
256
964
85
880
492
2491
231
160
990
941
2465
773
1463
109
488
206
2386
997
1817
142
2125
381
1887
1405
1544
418
1104
865
1740
1148
673
2093
1017
607
733
1856
1368
29
781
2217
2311
2442
1016
1164
1097
789
2188
685
1762
1855
399
2027
1464
2373
1787
811
1170
1708
1829
1841
2362
261
1002
245
1366
1712
1186
998
354
1070
943
1439
1228
2396
1125
282
2284
842
491
1921
591
82
1240
2104
1123
1605
590
1867
1062
716
726
1772
906
1152
2051
616
2430
524
1069
335
2445
519
1212
439
260
1474
361
2095
2035
638
1233
710
934
1203
929
1899
0
56
1089
1780
2473
1157
515
1472
1106
1917
1068
2367
1241
2328
2283
39
93
1602
1997
2171
442
390
1832
1813
186
1076
2048
2339
2148
1053
995
1198
100
877
655
1418
11
289
2372
1024
786
2233
1766
329
1285
888
220
2186
1886
841
1075
2467
191
1559
1503
1336
2081
587
326
493
1116
790
594
720
79
2395
297
976
1447
2494
2486
1375
1189
1703
486
1536
2204
2384
687
1582
1492
2207
822
1252
1333
901
1412
892
1891
197
1182
2111
2261
2163
1234
1621
2333
148
698
1786
1523
1229
2184
20
2490
1071
2322
971
1895
1911
1177
1652
1996
1877
2248
433
1341
1288
1056
1137
949
1878
1806
1949
1364
1847
273
176
2107
2019
155
581
782
845
1735
1281
246
366
17
952
1221
753
921
924
1609
1727
1022
2167
2018
1129
64
107
1385
104
76
1733
1192
1622
347
1532
1305
267
2122
1738
2287
13
1580
270
195
1976
1890
1143
1924
229
821
1983
936
1939
2301
343
401
2240
694
816
2481
1915
228
2454
2346
350
2499
98
1414
2168
2253
145
516
978
250
1747
1337
384
1726
849
475
183
538
1008
1778
2091
1394
847
1578
226
391
668
2218
944
905
855
311
973
1664
635
1959
1734
1064
595
241
1594
207
1830
957
364
778
4
597
408
1473
2090
1510
1352
75
1951
793
1400
910
2046
1549
623
1933
1183
1784
1246
1723
147
2278
1147
2466
2061
2039
534
459
2436
2140
168
1614
2392
43
2297
1146
2052
1353
780
574
2150
21
47
826
392
1316
50
572
1894
1534
2036
2263
843
1909
1
453
1781
51
1195
2032
1491
1224
88
2203
603
2156
1518
737
34
128
1836
464
394
2013
2114
1013
1010
2463
290
1873
1287
286
1904
1914
2011
2378
66
163
185
2256
1290
1698
704
1477
1373
237
599
319
2348
2222
2211
891
2237
1467
1126
264
1128
1004
1049
994
1546
560
2241
1413
2309
803
2229
2073
2439
177
2076
53
1853
430
570
1844
1300
1190
824
2353
968
1174
1737
1906
1391
617
646
1452
165
1424
1558
2244
1798
1469
452
1226
914
1572
644
926
2010
1831
1250
1590
1746
1793
2360
664
2382
161
818
1869
1519
1055
415
1498
776
1334
1191
2294
2247
2282
1124
785
1612
2050
715
68
1451
2230
902
2077
2067
1816
732
1450
662
904
819
525
449
1220
2332
1574
1483
937
2272
1043
1826
499
2393
563
856
301
243
2495
462
1457
426
495
428
1771
334
1999
1291
931
360
1705
1248
94
972
850
1751
542
1046
745
369
481
1553
1927
1807
287
2260
1207
678
92
912
672
1383
1600
1563
1163
1699
1604
661
1795
476
676
1216
1434
424
263
859
1632
1663
1898
639
2193
854
1166
601
1650
402
1977
1260
1797
1066
1029
2120
294
2409
1777
2363
677
1633
2042
298
479
2056
1209
1636
696
434
211
2483
1821
1988
2134
1251
629
1026
307
1348
2037
1745
130
2119
12
1135
632
1202
750
1108
2179
1584
536
83
759
212
1937
1035
2304
1739
2251
920
279
2242
1945
1508
701
1286
2143
2142
2141
2004
1067
1361
527
1162
1742
2074
1086
317
974
173
2343
758
2451
1343
1864
692
1141
90
1870
2043
1848
503
91
1213
1883
1039
213
1794
1635
1415
61
1748
1338
1278
1266
288
72
547
1812
1425
102
813
1700
10
2315
344
2306
1009
1184
1269
656
1437
939
2014
233
2161
1520
131
2213
1411
1101
1461
2402
1107
1253
1356
927
1301
1098
1984
1005
989
2169
2365
468
548
833
2145
1687
2371
1961
2419
502
2264
2459
1453
1528
429
151
2054
1011
1395
129
275
2080
928
665
2173
1846
1527
838
1638
1970
1875
188
739
2138
2165
1713
1537
815
1433
769
120
1169
1235
95
2452
374
1344
2101
573
71
844
306
2103
1920
799
1661
1410
1238
474
37
1485
1092
134
1057
132
2416
508
626
2006
1991
681
179
578
1279
280
1131
839
1517
2115
871
961
1384
465
1264
653
1475
1707
883
169
269
1048
2391
1989
917
1392
1323
2381
2191
2455
27
244
1060
801
1946
2086
619
1651
1027
1722
659
1378
2214
1861
2274
2137
2364
1134
1871
2275
471
938
514
2012
1985
2326
1153
2040
1850
1088
2383
983
2236
962
2428
882
1941
686
222
1236
991
2268
2438
1879
1573
740
70
709
1319
97
868
1283
2112
105
1690
62
1459
2369
1513
2312
878
330
460
440
1180
2432
1994
1421
2172
2249
277
2202
1789
823
879
812
1982
2020
1223
1345
746
2330
1530
1444
1683
634
798
170
690
302
1318
1913
1325
832
1760
2472
1880
1255
1711
2259
2471
895
1694
1120
802
760
1121
1758
1586
1704
2470
1908
1565
1868
817
1432
1155
2234
2422
693
735
164
1752
531
2034
2199
1697
836
1936
333
9
124
1093
1608
2397
874
788
549
2323
1357
682
1893
2482
1448
1706
2389
2005
887
1579
1500
457
1117
2257
1025
1409
1923
1295
734
1001
1736
1292
1857
1271
2418
728
1696
784
25
1581
1079
2407
99
1557
987
1369
1849
613
1175
2316
1968
1374
2340
1159
281
1402
1261
645
1599
2078
431
480
996
2146
1331
2349
32
1496
454
1065
545
1091
1377
45
796
409
36
1111
1087
1925
2128
5
857
1966
1122
1422
1399
1648
2094
1102
2016
216
2038
718
1940
1307
932
2185
771
1957
141
721
455
422
152
1761
414
561
2126
1359
1393
2302
150
470
2485
630
296
123
684
1678
432
1312
1367
1050
2388
2335
217
1407
922
1012
925
1928
2303
886
259
2187
1193
1350
1978
436
1516
2368
881
589
223
262
1818
1094
473
1156
1044
1311
2127
2151
1776
2135
193
1487
2270
528
466
697
870
2099
1626
557
2226
58
1763
919
210
1178
1662
1308
755
346
1975
2092
49
1103
1610
122
215
580
6
1488
1021
2176
2177
184
2041
625
81
355
258
2071
695
1497
797
1080
2178
2300
1416
1692
2476
1791
101
1980
2461
1034
309
1900
2266
1486
190
504
1446
2210
2198
700
1852
890
565
1078
328
966
1552
1222
754
1274
1028
1526
827
1014
2017
2457
2139
380
743
2044
28
951
411
2319
947
1317
1790
2401
38
1571
1837
1658
2224
2060
2468
1210
2124
2096
1140
942
2200
1905
111
806
1455
1401
831
1507
1820
1671
312
1431
1370
189
1588
463
600
1204
539
1934
657
461
2070
829
1693
1151
2030
365
181
143
1897
2049
1136
1637
451
747
1084
727
2310
1717
2252
2025
559
576
2480
1649
641
2190
54
1144
1838
200
1753
2314
171
1273
667
1628
2045
712
1866
96
2307
586
2258
2352
1645
945
2424
1954
1865
2212
2492
1709
1624
383
711
2271
314
1667
546
1935
448
940
2313
1774
730
357
953
1441
1874
255
530
1214
1556
556
2334
1167
1765
1160
852
1839
864
450
1303
1724
1668
1768
40
981
757
1521
182
444
2359
1716
775
2133
1547
564
2132
77
1550
41
614
467
1390
303
916
1587
482
2324
2262
178
1310
853
800
1293
1426
1112
652
2232
1386
2023
1710
292
1037
1430
1541
583
240
2477
1063
1033
84
2385
1309
2109
1824
1576
295
2345
119
1942
1958
1247
1259
2220
606
1304
1505
984
1265
2181
149
1842
2009
1284
1188
885
379
201
674
192
1882
1482
1339
1960
533
1494
1200
2423
427
327
719
1955
86
2448
1052
1362
1744
2062
8
723
2026
2083
416
1728
2498
2281
1041
1427
2055
1298
908
276
469
1767
1596
2296
1814
1090
1130
2497
1346
1302
1243
1670
2153
1522
1804
1218
1172
283
336
1354
1851
345
2072
2453
1219
2425
159
1732
1567
988
437
1593
447
810
494
300
1631
1320
1276
671
551
554
446
438
1639
1360
1756
520
889
1674
87
1992
1249
1684
1822
133
1613
1964
2057
582
157
1730
752
372
1654
1754
1720
1627
848
1918
1680
1583
1642
2063
2228
768
2327
60
1531
1099
1161
1237
950
404
2243
615
1440
387
1811
2216
445
512
1575
420
1349
2417
1490
1827
1947
900
1589
762
16
2113
1644
1641
1217
649
1919
59
166
2223
15
67
1165
214
26
2117
1242
1943
1931
963
2002
1206
1973
1081
764
3
894
1646
1105
1972
74
946
2410
1892
1171
1773
423
958
1819
1598
2155
1938
1862
1967
175
1979
1372
840
1254
1932
1499
140
324
975
1872
1796
688
1896
628
1749
598
884
954
2421
398
403
125
1061
1903
1686
1702
505
618
395
1403
2489
956
370
2166
893
144
1058
1682
1133
1502
749
2336
112
2028
239
2337
1484
2449
367
1297
1077
284
1901
1381
378
1995
2387
299
2464
2007
970
1465
368
1118
2354
566
1718
376
575
114
875
1603
103
1428
2110
2279
30
174
567
731
825
2098
2136
1986
1564
860
1515
915
795
1380
1007
507
1096
1296
1138
899
1294
1611
425
1884
106
2404
1657
808
2105
658
2235
1321
2288
1020
225
1051
389
1299
121
2144
627
1719
738
1095
1876
770
477
612
1783
315
1173
204
1181
2447
1225
154
498
605
65
2394
1315
670
271
640
2305
268
532
1910
194
396
219
660
1998
2175
2462
2475
1398
679
1396
322
1950
63
1176
1810
767
2484
2342
1669
2008
2265
2206
1792
1922
804
1775
1397
2280
1040
1030
584
1676
2399
1454
1306
224
1168
180
386
342
1560
1757
1902
1623
2496
1256
138
2100
2118
1227
2318
1145
1561
960
500
253
232
2308
351
1481
846
1042
2003
1019
1142
2024
196
2295
540
1607
1149
363
537
417
1551
1666
2277
393
867
218
2192
1330
1420
1272
707
2182
1355
2325
1119
1073
2347
413
569
407
535
631
1885
1000
22
621
187
1478
1470
1548
2123
897
633
666
1695
126
522
230
1245
358
714
2355
1714
353
1643
1282
1449
1435
483
1436
1981
761
248
23
1466
2068
1423
706
1506
110
57
1347
435
1514
2429
1230
1585
1115
1501
2290
830
2440
2085
1835
2001
2341
2160
146
487
139
1801
1659
805
1376
2157
807
1479
596
1715
643
2299
2255
1729
