26
60
87
99
259
55
69
157
399
1035
63
84
190
403
1904
147
188
321
426
2078
167
222
341
439
2189
173
231
367
548
142
219
238
472
582
678
275
320
478
590
1070
413
456
494
646
1146
444
461
514
657
1223
445
464
595
717
1452
504
598
642
901
1497
568
599
952
979
1709
602
608
985
1062
1943
614
671
998
1064
2098
645
706
1041
1170
2102
711
758
1055
1322
2194
780
800
1085
1359
47
821
845
1249
1471
49
825
1193
1281
1571
93
832
1196
1419
1663
207
840
1272
1422
1664
288
884
1341
1445
1837
462
900
1444
1470
1860
560
911
1525
1640
1863
562
939
1530
1662
1876
603
993
1578
1759
2027
612
1002
1650
1812
30
654
1097
1699
1913
67
709
1151
1754
1976
176
724
1172
1899
2073
179
813
1205
2000
2141
199
920
1224
2021
2159
248
1098
1251
2026
2183
325
1214
1267
2132
2223
468
1373
1337
2245
2344
550
1528
1343
2434
2458
581
1544
1394
2465
24
695
1656
1406
34
73
731
1823
1521
70
74
803
1872
1527
91
152
846
2009
1564
111
169
848
2037
1627
155
174
907
2265
1648
185
247
942
40
1661
201
271
974
44
1720
266
314
991
54
1755
276
381
1011
120
1773
354
394
1071
191
1794
359
474
1163
204
1890
374
686
1209
273
1922
390
776
1239
299
1931
430
792
1268
303
2013
547
794
1302
465
2035
553
809
1312
469
2100
574
828
1350
546
2123
609
836
1455
615
2133
708
888
1482
653
2156
754
915
1514
715
2160
810
922
1533
804
2217
959
960
1540
808
2345
963
1021
1570
811
2388
1015
1029
1623
816
2422
1038
1083
1642
873
2497
1052
1142
1738
904
38
1082
1158
1915
1001
43
1113
1160
1949
1020
48
1119
1181
2002
1044
51
1139
1208
2087
1065
81
1162
1243
2094
1084
86
1190
1257
2168
1154
92
1212
1259
2198
1164
96
1233
1342
2237
1165
113
1248
1434
2284
1330
114
1297
1451
2327
1566
134
1402
1464
2340
1612
164
1426
1485
2354
1659
221
1461
1511
2426
1730
241
1490
1522
2454
1736
252
1493
1524
2467
1807
280
1508
1539
13
1829
285
1543
1569
20
1834
287
1554
1594
23
1851
386
1685
1701
41
1855
392
1691
1727
78
1892
406
1796
1832
128
1940
408
1802
1846
154
1992
409
1856
1857
181
1998
434
1867
1880
196
2067
436
1910
1917
208
2118
460
1926
1958
249
2214
521
1948
1965
281
2320
525
1956
1966
310
2385
538
1983
1994
365
2387
637
1995
1996
375
2392
679
2006
2065
376
2429
704
2010
2093
385
2469
720
2031
2188
389
2494
741
2033
2243
391
17
769
2048
2258
424
58
772
2238
2263
498
109
799
2277
2297
518
127
844
2342
2352
542
136
851
2358
2461
596
160
856
2400
2490
633
183
882
2402
2495
675
253
903
2431
2499
691
270
918
2445
66
692
294
938
2462
68
703
319
946
2493
89
728
328
968
37
108
733
345
1031
62
126
738
362
1036
83
131
774
378
1048
98
143
793
416
1054
141
162
829
475
1058
166
178
850
491
1069
197
218
921
540
1124
237
396
935
544
1133
244
404
977
600
1155
274
459
981
616
1215
277
495
1008
648
1254
298
505
1050
685
1287
306
558
1076
699
1313
313
575
1086
700
1323
323
579
1104
705
1325
338
605
1168
712
1338
356
624
1175
750
1365
380
629
1189
751
1374
428
635
1220
752
1376
452
640
1250
755
1416
516
660
1303
771
1429
557
742
1361
789
1439
587
778
1423
796
1460
623
814
1535
798
1483
707
817
1556
892
1504
722
839
1568
910
1509
735
863
1676
949
1515
815
925
1680
962
1546
824
941
1712
1013
1584
842
967
1726
1028
1599
857
1016
1753
1051
1635
870
1037
1771
1074
1643
913
1043
1833
1078
1776
995
1108
1881
1089
1793
1009
1121
1912
1100
1805
1115
1198
1935
1116
1808
1210
1263
1937
1204
1819
1261
1310
1961
1228
1844
1285
1335
2043
1232
1865
1308
1392
2060
1300
1883
1316
1410
2091
1319
1885
1328
1456
2124
1326
1886
1379
1488
2268
1331
1900
1382
1550
2272
1353
1918
1393
1563
2275
1356
1920
1400
1576
2312
1370
1939
1441
1596
2335
1372
1947
1472
1629
2369
1398
1952
1473
1660
2378
1409
1953
1475
1667
2424
1420
1985
1560
1688
2450
1476
1989
1607
1764
2452
1484
1993
1669
1806
21
1498
2036
1677
1836
29
1565
2044
1694
1841
95
1574
2069
1714
1845
187
1614
2181
1722
1902
262
1631
2184
1735
1909
267
1636
2192
1745
1924
300
1683
2229
1746
1964
348
1757
2251
1752
1979
350
1762
2315
1781
1986
358
1772
2318
1827
1990
517
1786
2361
1934
2015
561
1789
2368
1941
2056
607
1792
2446
1942
2134
661
1797
2448
1972
2148
753
1825
2477
1984
2248
761
1945
2491
2017
2267
767
2003
36
2050
2316
781
2004
65
2071
2390
862
2008
80
2081
2395
869
2030
119
2085
2403
877
2046
130
2103
2425
897
2052
159
2106
2430
930
2090
194
2107
14
950
2119
211
2149
61
954
2121
225
2163
125
956
2139
257
2169
137
971
2140
279
2210
153
1014
2167
284
2230
226
1018
2203
304
2253
291
1042
2204
311
2276
312
1061
2234
377
2326
476
1063
2240
410
2367
492
1081
2261
411
2377
513
1088
2322
425
2415
520
1105
2356
427
2475
526
1110
2408
467
59
584
1114
2441
488
75
591
1130
2442
499
88
620
1135
2482
500
129
631
1159
3
503
146
713
1197
5
511
168
732
1235
11
563
216
744
1349
42
564
232
807
1386
94
606
250
822
1403
101
617
278
827
1415
102
622
342
868
1474
106
659
387
874
1486
110
668
400
893
1519
112
677
415
896
1526
115
682
419
976
1573
121
690
483
1000
1581
140
727
515
1025
1588
144
770
528
1033
1620
156
775
588
1039
1633
158
841
619
1123
1649
170
861
632
1138
1651
171
864
656
1141
1652
172
902
688
1202
1675
175
965
697
1213
1682
177
975
721
1280
1702
180
1068
730
1288
1705
198
1099
745
1307
1719
200
1137
747
1315
1729
205
1219
773
1389
1732
212
1225
797
1411
1763
214
1262
859
1427
1780
217
1276
905
1457
1790
236
1321
908
1491
1800
246
1324
919
1499
1811
256
1366
951
1507
1813
268
1375
978
1531
1840
272
1428
1023
1538
2115
282
1446
1026
1561
2165
286
1447
1040
1626
2178
293
1463
1090
1690
2211
302
1523
1128
1711
2216
307
1534
1143
1895
2300
317
1549
1167
1959
2303
318
1555
1186
2020
2324
331
1557
1206
2051
2375
335
1615
1242
2064
2393
369
1637
1253
2117
2485
370
1681
1284
2177
12
371
1715
1289
2182
19
379
1731
1311
2213
45
384
1742
1333
2259
77
388
1748
1352
2269
100
420
1761
1368
2273
150
422
1765
1387
2274
163
429
1828
1440
2292
195
433
1853
1494
2305
228
442
1854
1529
2334
230
443
1875
1542
2346
235
446
1882
1559
2363
254
448
1911
1587
2374
309
451
1916
1613
2384
334
453
1960
1616
2451
347
455
1970
1617
2468
351
463
1973
1618
35
363
477
1980
1638
57
368
480
2011
1646
71
402
502
2042
1728
79
431
506
2075
1750
103
435
507
2095
1788
149
437
524
2125
1791
161
458
529
2127
1810
220
482
530
2129
1858
223
545
536
2153
1871
229
565
549
2154
1879
239
577
559
2175
1903
283
597
586
2199
1906
289
639
593
2202
1933
295
647
625
2206
2012
315
765
626
2212
2040
364
777
627
2219
2080
366
785
628
2226
2088
372
787
634
2296
2092
382
790
638
2307
2099
383
791
641
2357
2113
418
805
643
2444
2242
423
818
649
2456
2246
450
826
651
2459
2249
489
865
652
2471
2270
508
878
663
2476
2291
519
890
670
2479
2308
541
894
672
2480
2309
571
923
689
4
2310
585
924
694
56
2317
594
929
698
118
2321
662
994
734
135
2328
710
1053
737
213
2329
736
1059
746
215
2336
740
1067
748
227
2382
743
1079
759
240
2404
756
1093
762
242
2478
830
1096
763
255
2487
843
1112
764
258
1
852
1132
766
343
27
853
1148
779
346
39
867
1153
782
405
116
964
1237
795
441
133
970
1245
806
466
145
983
1247
854
479
186
989
1252
860
509
245
990
1301
866
523
264
992
1334
871
566
326
1004
1347
875
580
327
1019
1404
885
583
329
1118
1407
887
592
353
1140
1442
906
674
355
1149
1480
926
687
395
1171
1495
927
693
397
1218
1551
932
783
421
1226
1583
934
812
447
1238
1600
944
820
470
1255
1634
948
831
471
1283
1658
955
855
555
1296
1670
966
876
556
1317
1695
969
889
601
1384
1760
984
953
718
1412
1769
987
972
760
1425
1821
1003
1017
788
1459
1887
1006
1045
802
1513
1897
1032
1080
847
1520
1901
1034
1103
849
1547
1944
1046
1117
917
1575
1977
1047
1136
937
1605
2001
1049
1150
1007
1611
2077
1094
1236
1022
1673
2151
1106
1271
1057
1706
2155
1109
1314
1152
1718
2174
1122
1344
1177
1749
2241
1147
1371
1178
1756
2247
1156
1413
1192
1775
2266
1176
1467
1200
1778
2295
1182
1501
1270
1798
2311
1183
1517
1282
1816
2349
1195
1537
1318
1822
2366
1199
1541
1340
1923
2370
1201
1567
1363
1955
2412
1203
1595
1378
1974
2492
1207
1602
1391
1982
2
1216
1621
1414
1987
7
1221
1641
1418
2023
10
1230
1689
1421
2024
22
1240
1741
1437
2047
28
1241
1743
1449
2101
52
1244
1770
1454
2105
53
1258
1839
1512
2135
97
1264
1866
1536
2150
104
1274
1877
1553
2152
105
1275
1896
1582
2164
107
1279
1898
1589
2176
117
1286
1929
1609
2191
123
1291
2005
1619
2215
192
1295
2016
1666
2285
209
1304
2070
1671
2288
210
1306
2074
1672
2306
251
1309
2076
1674
2323
261
1345
2104
1678
2391
269
1346
2131
1707
2401
290
1357
2158
1744
2407
296
1367
2187
1767
2416
301
1369
2207
1809
0
324
1385
2208
1847
8
336
1405
2225
1894
16
337
1433
2227
1950
18
349
1436
2287
1957
31
357
1443
2386
2034
33
393
1448
2394
2058
64
401
1453
2436
2122
82
412
1458
2455
2224
122
440
1465
2457
2244
124
457
1478
2488
2279
132
490
1479
15
2289
138
531
1481
46
2339
139
533
1489
90
2365
151
551
1492
193
2376
189
552
1502
203
2399
243
576
1506
233
2439
297
618
1516
332
2453
305
655
1545
449
2470
322
658
1572
454
6
330
701
1579
484
9
344
702
1580
493
25
407
716
1586
554
32
417
719
1590
604
50
438
784
1592
610
72
473
833
1598
666
85
481
837
1601
667
148
485
872
1610
673
184
486
880
1622
684
202
487
881
1630
725
224
522
895
1645
726
265
534
912
1653
729
292
539
916
1654
835
316
543
928
1657
838
333
567
931
1679
883
339
570
943
1692
891
352
573
945
1696
973
360
589
988
1697
980
361
630
996
1703
1056
373
650
997
1704
1072
414
680
1012
1713
1127
432
681
1024
1716
1129
496
739
1060
1717
1174
501
757
1066
1721
1184
512
768
1077
1723
1187
527
786
1092
1724
1211
532
819
1095
1725
1408
535
823
1101
1733
1424
537
858
1102
1737
1562
569
886
1120
1739
1603
572
898
1131
1751
1604
578
899
1134
1766
1625
613
936
1145
1777
1639
621
947
1161
1779
1698
636
957
1169
1787
1768
644
958
1179
1803
1782
669
999
1180
1804
1795
676
1030
1185
1815
1801
683
1073
1217
1824
1861
714
1075
1231
1838
1884
723
1107
1234
1842
1891
749
1111
1246
1849
1925
909
1125
1278
1850
1978
933
1157
1299
1859
2059
961
1191
1320
1868
2089
982
1194
1329
1869
2096
986
1265
1348
1870
2120
1010
1269
1354
1878
2126
1027
1273
1355
1893
2146
1087
1290
1390
1908
2173
1091
1292
1395
1914
2201
1166
1294
1396
1921
2282
1173
1305
1401
1928
2294
1188
1327
1430
1930
2343
1227
1332
1435
1936
2438
1229
1351
1438
1938
2463
1256
1360
1469
1954
76
1260
1380
1477
1962
165
1293
1397
1500
1968
182
1298
1399
1503
1971
206
1336
1417
1624
1999
234
1339
1431
1647
2007
260
1358
1450
1665
2014
263
1362
1496
1708
2029
308
1364
1510
1740
2032
340
1381
1532
1758
2041
398
1388
1548
1774
2055
497
1432
1552
1784
2063
510
1462
1577
1820
2066
611
1466
1585
1826
2068
664
1468
1591
1830
2072
665
1487
1608
1835
2079
696
1558
1628
1862
2082
801
1593
1668
1888
2086
834
1597
1684
1907
2109
879
1606
1686
1919
2116
914
1632
1747
1967
2128
940
1700
1799
1975
2143
1005
1710
1848
1997
2170
1126
1785
1874
2028
2179
1144
1814
1889
2038
2180
1222
1818
1969
2045
2185
1266
1831
1991
2049
2195
1277
1843
2018
2061
2197
1377
1852
2022
2110
2222
1383
1864
2025
2137
2235
1505
1873
2053
2147
2254
1518
1905
2054
2162
2255
1644
1927
2057
2166
2256
1655
1932
2062
2186
2264
1687
1946
2083
2190
2283
1693
1951
2084
2209
2298
1734
1963
2097
2231
2319
1783
1981
2112
2232
2325
1817
1988
2130
2252
2332
2019
2111
2136
2257
2333
2039
2138
2200
2260
2348
2108
2142
2205
2262
2350
2114
2157
2218
2299
2359
2144
2161
2281
2301
2371
2145
2193
2286
2347
2383
2171
2220
2302
2351
2389
2172
2236
2304
2372
2405
2196
2239
2313
2379
2406
2221
2278
2331
2380
2409
2228
2280
2341
2397
2411
2233
2290
2373
2398
2427
2250
2314
2381
2410
2433
2271
2338
2396
2413
2435
2293
2353
2418
2419
2437
2330
2362
2420
2421
2464
2337
2414
2432
2443
2472
2355
2417
2440
2449
2481
2360
2423
2460
2473
2484
2364
2428
2466
2483
2486
2447
2474
2489
2496
2498
