2466
2483
1971
2451
2497
2286
2421
1908
2447
2476
1950
2410
1859
2417
2436
1858
2397
1842
2362
2293
1666
2379
1204
2314
2226
1522
2372
748
2290
2212
1328
2370
724
2278
2208
937
2351
443
2220
2201
925
2303
328
2157
2153
817
2268
191
2130
2100
723
2262
2101
2498
2036
683
2260
2062
2494
1891
632
2257
1990
2486
1854
459
2252
1974
2484
1715
414
2211
1816
2482
1689
1
2186
1673
2472
1377
2178
1532
2464
2493
1343
2077
1507
2442
2470
1099
2049
1444
2433
2453
891
2028
1360
2427
2449
499
1997
1297
2411
2443
304
1975
1294
2408
2439
215
1944
1265
2406
2431
114
1919
1191
2405
2404
2488
1888
1004
2389
2382
2479
1758
957
2383
2381
2386
1740
898
2359
2373
2368
1726
893
2348
2367
2361
1708
827
2333
2365
2357
1676
819
2332
2331
2206
1675
744
2325
2329
2171
1670
630
2322
2313
2126
1624
573
2283
2302
2005
1583
539
2264
2281
1947
1503
520
2256
2253
1898
1500
366
2255
2246
1882
1477
354
2234
2224
1661
1435
139
2222
2200
1564
1415
137
2203
2111
1501
1396
124
2195
2092
1408
1361
18
2185
2085
1375
1348
16
2180
2040
1324
1320
2179
2428
2034
1321
1303
2170
2401
2012
1068
1278
2167
2391
1988
980
1252
2143
2353
1981
911
1245
2139
2338
1963
599
1231
2128
2306
1951
434
1217
2119
2305
1946
340
1209
2116
2285
1932
113
1185
2090
2280
1894
26
1180
2086
2215
1864
2294
1161
2082
2193
1852
2287
1148
2079
2176
1843
2108
1134
2068
2164
1827
2076
1101
2066
2161
1814
2019
1092
2055
2152
1809
1765
1086
2052
2150
1788
1755
1081
2041
2142
1750
1338
1077
2032
2138
1744
1017
1071
2014
2136
1722
902
1067
2008
2112
1710
900
1053
2004
2105
1707
674
1024
2003
2097
1701
673
945
1999
2084
1700
659
943
1968
2083
1694
503
928
1954
2064
1677
493
916
1940
2025
1671
406
912
1938
2023
1638
346
897
1930
2022
1632
258
890
1928
1996
1618
234
880
1921
1982
1606
225
878
1870
1969
1597
203
862
1869
1959
1589
193
818
1868
1889
1582
92
805
1851
1874
1558
38
787
1849
1848
1543
4
784
1838
1845
1512
2463
781
1829
1799
1487
2456
774
1824
1798
1473
2394
738
1807
1778
1466
2364
728
1792
1756
1449
2360
719
1787
1749
1440
2355
702
1779
1706
1421
2343
618
1777
1690
1414
2337
607
1766
1688
1400
2318
597
1751
1668
1391
2251
551
1737
1626
1388
2250
531
1733
1608
1382
2233
482
1725
1605
1381
2181
431
1724
1591
1363
2173
393
1713
1585
1362
2144
349
1703
1575
1340
2114
347
1692
1552
1336
2096
337
1659
1547
1318
2089
336
1657
1538
1293
2059
324
1645
1513
1270
2039
301
1630
1510
1260
1980
261
1614
1499
1253
1911
251
1612
1490
1229
1886
210
1598
1488
1208
1884
209
1592
1457
1173
1866
195
1586
1431
1152
1865
123
1580
1427
1091
1861
117
1579
1425
1090
1853
104
1574
1417
1083
1819
77
1572
1412
1055
1783
29
1545
1399
1043
1748
28
1516
1397
1040
1743
22
1492
1332
1037
1698
21
1489
1307
1027
1687
20
1484
1305
1026
1681
19
1481
1292
1023
1639
1476
1290
2147
986
1637
1458
1280
1967
961
1635
1453
1269
1876
951
1541
1448
1238
1438
941
1534
1443
1202
1268
933
1505
1436
1194
1120
909
1504
1433
1157
971
908
1467
1405
1149
929
905
1406
1385
1140
833
802
1383
1367
1125
790
788
1374
1353
1118
761
773
1337
1346
1111
187
749
1313
1345
1075
99
742
1262
1304
1073
718
2454
1254
1295
1033
714
2424
1224
1291
1019
669
2412
1144
1286
1000
644
2209
1136
1279
999
636
2045
1117
1274
990
601
1826
1056
1264
989
588
1790
1045
1258
983
578
1442
975
1244
947
575
1355
972
1241
936
558
1247
940
1240
899
556
1159
903
1232
886
535
1093
882
1230
858
532
1088
876
1216
786
512
997
861
1207
768
501
931
856
1201
757
496
692
851
1176
756
471
561
831
1165
739
395
424
783
1156
736
381
350
725
1154
708
373
52
679
1147
681
353
2398
665
1122
680
352
2393
664
1116
650
342
2380
604
1106
584
265
2375
598
1100
571
245
2369
592
1084
570
202
2347
500
1070
557
186
2299
410
1065
534
184
2284
343
1051
522
168
2247
332
1049
516
152
2232
255
1047
486
148
2166
182
1034
485
146
2061
65
1032
481
133
2001
36
1003
450
83
1961
15
1001
438
75
1862
2496
987
417
39
1835
2330
984
407
37
1820
2227
969
383
27
1784
2221
955
382
9
1769
2120
944
330
1760
2418
2016
934
313
1633
2396
1960
927
305
1573
2321
1817
926
297
1514
2289
1801
906
291
1469
2230
1795
904
223
1430
1785
1742
887
189
1401
1616
1731
885
153
1354
1587
1693
875
151
1349
1536
1641
866
143
1334
1470
1621
854
138
1329
1441
1604
806
132
1246
1432
1567
789
71
1237
1418
1549
779
64
1234
1387
1523
766
35
1220
1333
1184
764
33
1130
1289
1097
763
31
1105
1200
1005
762
14
1102
1192
889
759
0
1079
1186
879
755
1064
1142
2334
864
752
1061
967
2292
855
751
1060
863
2273
726
746
1042
660
2267
606
737
1012
624
2135
554
734
1008
613
2056
538
712
996
579
2048
454
700
988
572
1991
449
699
895
361
1964
409
698
894
316
1926
260
689
877
278
1924
257
672
872
264
1902
252
670
829
166
1841
135
653
826
50
1836
90
652
793
6
1806
76
651
791
2474
1775
2471
643
767
2399
1764
2271
641
731
2341
1747
2225
638
716
2336
1691
2145
634
691
2328
1569
2042
626
658
2279
1563
1939
625
576
2244
1561
1929
615
565
2243
1520
1918
593
552
2210
1493
1900
586
533
2093
1426
1877
559
517
1856
1327
1599
530
440
1818
1317
1518
529
401
1746
1039
1447
524
385
1678
857
1424
507
375
1298
853
1323
502
365
1177
807
1314
491
358
1057
722
1287
480
351
1021
620
1267
475
341
776
547
1236
455
325
619
543
1219
451
296
590
526
1215
446
290
394
508
918
442
269
355
473
841
433
262
333
428
769
429
228
292
390
523
422
199
145
372
509
420
163
364
425
2487
388
150
359
263
2475
379
128
315
242
2460
369
97
289
130
2458
335
78
283
119
2415
331
12
275
2358
2480
317
2432
226
2317
2438
307
2378
218
2304
2229
302
2301
185
2270
2131
293
2300
173
2249
2095
286
2241
155
2163
2044
273
2190
126
2149
1989
272
2174
122
2132
1808
256
2165
82
2113
1805
253
2151
79
2107
1773
236
2137
57
2071
1463
217
1907
2407
2065
1439
205
1887
2390
2017
1429
198
1840
2269
1917
1413
183
1811
2239
1905
914
180
1719
2191
1903
820
177
1665
2057
1831
693
175
1658
2054
1728
682
172
1620
2053
1714
566
171
1600
2020
1646
484
170
1588
1955
1593
398
156
1571
1895
1578
377
144
1551
1822
1559
287
142
1495
1684
1554
279
140
1480
1660
1524
241
127
1407
1611
1511
80
121
1350
1577
1468
48
120
1347
1576
1462
1922
109
1302
1531
1454
1720
106
1235
1459
1445
993
102
1169
1450
1393
666
101
1145
1410
1378
602
94
1131
1351
1284
580
58
1066
1273
1256
164
42
1011
1226
1242
2207
11
950
1213
1206
2175
2481
923
1171
1158
1970
2437
837
1107
1022
1793
2429
701
1030
1007
1741
2298
695
992
978
1325
2235
655
843
919
1225
1998
596
830
917
1211
1936
545
713
915
1080
1850
363
594
828
1002
1723
208
587
730
938
1717
53
541
697
727
1696
519
688
2237
497
1683
423
657
2155
460
1656
322
640
1937
408
1653
312
569
1863
280
1610
295
474
1556
231
1590
161
447
1132
213
1420
111
432
1112
2422
1409
421
2499
1018
2296
1369
360
2490
490
2219
1195
339
2461
181
2127
1109
314
2430
95
2075
1074
271
2423
2473
2070
1006
174
2352
2354
1920
962
141
2288
2266
1839
948
72
2277
2216
1602
910
59
2259
1901
1557
663
34
2183
1897
1371
649
2134
1763
2310
1365
600
2117
1729
2242
1127
562
2047
1682
2188
1054
477
2033
1634
2050
883
465
2015
1535
2026
801
462
1976
1533
1972
772
448
1956
1526
1942
687
345
1913
1486
1880
622
318
1909
1482
1871
521
282
1812
1395
1791
510
214
1759
1239
1617
427
204
1711
1189
1368
320
112
1686
1179
1339
311
2469
1685
1135
1285
308
2350
1662
1095
1121
221
2261
1628
1050
1085
206
2140
1548
954
922
188
2118
1456
921
859
46
2102
1402
777
721
2123
2063
1389
458
656
1627
2037
1315
457
635
1517
2030
1296
348
629
844
1992
1272
281
548
812
1914
1248
248
527
729
1834
1138
154
426
479
1804
1082
41
419
222
1730
1052
10
403
2192
1679
1025
2
396
2158
1622
970
327
2426
2146
1528
964
326
2115
2069
1506
960
250
1774
1828
1497
913
247
1732
1768
1478
867
224
1651
1595
1398
842
1642
2308
1509
1357
824
1250
2258
1072
1356
815
1168
2218
953
1326
780
1153
2099
946
1319
754
1096
1965
799
1275
735
1063
1957
770
1078
711
1062
1650
511
1044
623
952
1530
467
1020
609
368
1525
386
920
553
334
1475
2196
860
489
309
1316
2184
811
456
190
1311
2133
796
418
1249
1655
2452
715
338
1160
1555
2440
654
306
959
1515
2413
648
243
809
1460
2349
628
239
792
1446
2312
370
229
505
1277
2231
319
220
25
1276
2087
294
125
2080
1172
2038
207
108
2021
1129
1390
136
91
1983
1124
1110
2371
74
1906
968
1014
2320
1745
2468
834
974
2265
1434
2395
684
703
2194
1308
2346
637
498
2109
1108
2006
610
402
2072
998
1629
488
376
2046
216
1341
238
254
2007
62
1139
2013
176
1892
1119
2376
1952
100
1789
1115
2000
1615
67
1736
1038
1995
1150
13
1721
823
1927
720
7
1704
743
1847
583
2311
1697
740
1802
240
1977
1601
662
1727
134
1581
1565
567
1674
86
1519
1465
167
1539
56
1403
1372
1451
1322
1987
2457
1331
1364
1114
1718
2282
1309
1358
1076
1141
2129
1221
1259
848
1123
1896
1203
1198
647
464
1794
1183
1143
577
60
1584
1089
979
412
1394
2465
1028
814
391
444
2434
932
760
23
405
2323
892
747
2324
2274
2455
813
745
2124
2245
1993
804
605
1780
2213
1985
798
537
1705
1910
1776
771
495
1695
1846
1521
750
116
494
1640
1376
694
32
367
1461
1251
627
1873
2162
1380
939
603
1767
1800
1310
884
560
1752
1471
1288
800
536
1672
1301
1233
758
362
1210
1197
1190
704
270
1178
942
1162
564
246
1010
437
591
525
158
676
389
589
413
40
515
357
374
233
5
2377
249
356
81
2189
1553
105
344
2228
1815
1494
30
274
2187
1709
1282
266
2172
2467
1098
797
219
2104
2419
685
470
201
2011
2340
303
397
2495
1973
2168
2339
1803
2384
1925
2110
2276
1797
2031
1885
1813
2106
1502
1986
1562
1359
1941
1182
1594
1537
1163
1879
1094
1550
1527
753
1669
966
1496
1416
478
1281
808
1218
1187
157
1243
705
1113
1174
45
1166
546
1009
1137
2485
1087
463
958
1133
2295
1029
47
852
1103
2272
982
17
706
1069
2002
888
2441
487
832
1935
404
1823
461
825
1771
24
1631
430
611
1753
371
277
2297
466
1702
268
73
2169
436
1423
1958
1508
284
1772
1404
1933
103
165
1762
1059
1899
61
43
1757
981
1810
2363
1566
2315
977
1781
2182
1498
1603
924
1754
2141
1452
1266
865
1699
2073
1146
1222
675
1619
1867
384
1155
581
1560
1857
288
1036
310
1529
1491
44
835
267
1485
1255
821
2409
196
1379
963
696
2319
192
1188
732
677
2254
2366
1167
671
668
2214
1570
839
513
645
1739
935
717
380
118
1214
550
439
131
51
1046
472
400
69
2125
1013
300
232
68
1782
873
1474
197
2374
1761
782
107
169
2223
1643
544
2198
2263
2177
838
299
1881
1796
2159
2448
200
1830
1041
2018
2444
3
1821
1411
2445
2345
2067
1663
707
2342
1344
2009
1568
631
2291
1031
1945
1455
452
1934
563
1893
1175
147
1735
159
709
1104
1128
896
55
678
846
836
178
612
639
2074
555
2416
595
2356
1271
88
2403
514
2197
2035
2148
435
2402
1962
1931
1384
230
2400
1904
1644
976
2088
1738
1716
1546
870
1422
1479
2450
1483
810
1419
949
2060
1126
608
98
871
1915
840
585
2122
816
1712
617
2414
1542
795
1652
614
2010
1352
506
956
441
66
1257
259
642
411
901
160
1994
321
227
646
1596
1855
2492
2217
621
568
1786
2275
973
528
84
1330
2027
775
329
1306
2248
1949
194
70
540
298
1647
2477
115
2462
276
994
2160
2420
2435
991
1923
2156
2309
1636
930
1283
2154
2081
616
869
1015
1953
1984
469
850
868
1916
1261
54
803
476
1883
483
785
149
1844
2029
2326
733
1648
1392
1878
1181
1664
1151
8
1825
1016
1386
1048
2236
1544
849
542
965
2051
212
85
741
2335
1335
49
2205
690
2327
162
2204
2103
667
1623
2316
2121
1472
445
1170
2024
1872
1437
392
2091
1979
1228
1227
96
1912
1667
378
847
1205
1649
1263
2392
582
2446
1299
1196
1300
129
2199
1193
1540
2098
1607
1875
710
633
1164
387
1625
504
2094
549
985
1428
1948
2043
110
415
1058
845
1837
2387
399
285
1833
2240
2238
87
2388
1680
2078
574
2307
1312
686
1035
2425
2202
881
2478
93
874
1978
765
2058
1212
1223
1890
661
1966
995
1373
1770
518
1613
323
1370
1734
235
1609
237
1199
211
179
794
453
1832
63
2344
907
1943
822
1342
2491
2489
1654
492
2459
1860
416
244
1464
1366
468
89
778
2385
