2498
2496
2489
2474
2447
2486
2483
2466
2428
2364
2484
2473
2460
2423
2360
2481
2449
2440
2417
2355
2472
2443
2432
2414
2337
2464
2421
2420
2362
2330
2437
2419
2418
2353
2293
2435
2413
2396
2338
2271
2433
2410
2381
2314
2250
2427
2398
2373
2290
2233
2411
2397
2341
2280
2228
2409
2380
2331
2278
2221
2406
2379
2313
2239
2196
2405
2372
2304
2236
2172
2389
2351
2302
2220
2171
2383
2347
2286
2193
2145
2371
2301
2281
2161
2144
2359
2299
2218
2157
2114
2350
2262
2205
2142
2108
2348
2260
2200
2138
2039
2333
2257
2136
2111
2019
2332
2252
2130
1988
1817
2325
2232
2112
1981
1783
2319
2231
2097
1963
1734
2298
2209
2084
1951
1693
2283
2190
2083
1946
1687
2264
2186
2062
1932
1655
2256
2166
2057
1927
1644
2255
2162
2054
1905
1518
2254
2147
2053
1873
1505
2235
2137
2025
1864
1383
2222
2110
2022
1852
1377
2197
2061
2018
1843
1277
2195
2049
1991
1831
1266
2185
2045
1969
1818
1222
2180
2038
1889
1814
1144
2179
2028
1874
1785
1126
2170
1997
1848
1710
1005
2143
1975
1799
1700
940
2128
1967
1747
1632
914
2116
1919
1686
1606
879
2109
1907
1684
1597
834
2086
1888
1668
1593
801
2082
1862
1628
1558
696
2079
1835
1608
1487
665
2072
1830
1591
1468
664
2068
1826
1585
1466
611
2066
1820
1577
1462
510
2063
1784
1552
1432
497
2055
1774
1548
1388
398
2041
1758
1532
1381
340
2032
1740
1510
1364
308
2029
1708
1496
1362
263
2014
1665
1450
1358
260
2007
1647
1431
1339
234
1999
1624
1417
1336
206
1971
1503
1399
1298
182
1968
1500
1397
1293
165
1962
1477
1380
1260
76
1954
1469
1360
1256
2463
1938
1438
1351
1229
2438
1936
1435
1332
1227
2343
1930
1430
1327
1188
2294
1928
1401
1305
1173
2282
1921
1396
1294
1166
2201
1914
1395
1292
1091
2173
1908
1390
1290
1087
2146
1893
1355
1273
1027
2126
1878
1354
1269
1010
2120
1870
1348
1265
986
2096
1869
1329
1194
982
2089
1868
1320
1191
961
2059
1859
1299
1157
933
1978
1850
1278
1125
909
1925
1849
1246
1111
749
1891
1842
1234
1107
723
1884
1838
1231
1075
714
1861
1824
1217
1073
683
1801
1815
1185
1030
676
1795
1804
1180
999
669
1782
1803
1179
958
644
1768
1787
1169
957
636
1698
1779
1161
947
621
1639
1777
1145
936
613
1625
1766
1134
899
578
1604
1751
1131
898
572
1603
1739
1120
886
569
1562
1737
1102
858
537
1424
1733
1101
823
535
1408
1725
1095
819
532
1211
1724
1092
786
527
1187
1723
1077
768
512
1184
1721
1066
757
501
1174
1717
1060
739
496
1129
1716
1024
681
432
1127
1713
1012
680
414
1072
1704
997
650
373
1056
1703
996
630
361
980
1697
988
589
360
973
1696
945
573
352
891
1692
943
570
339
883
1679
931
567
333
838
1657
928
543
316
835
1654
916
539
292
729
1653
912
534
265
726
1645
895
522
224
725
1630
881
487
202
684
1622
880
486
184
673
1610
872
485
148
667
1601
837
481
85
666
1598
833
473
72
610
1592
784
438
50
604
1590
719
417
32
554
1586
716
407
25
493
1580
702
344
9
484
1579
701
330
6
454
1572
658
322
2470
449
1545
655
305
2453
332
1516
618
297
2439
233
1506
576
243
2399
203
1502
552
189
2376
193
1492
551
151
2365
90
1489
533
139
2339
46
1481
531
138
2289
15
1479
490
132
2279
2488
1478
457
124
2244
2457
1465
440
122
2224
2455
1458
412
82
2122
2436
1453
401
64
2058
2394
1448
393
33
2034
2386
1443
357
31
1957
2287
1436
349
18
1950
2227
1433
337
16
1894
2225
1405
336
8
1847
2208
1385
324
0
1809
2207
1369
301
2416
1767
2187
1367
296
2407
1744
2158
1357
290
2401
1707
2131
1346
269
2391
1678
2104
1345
261
2323
1674
2076
1309
251
2306
1672
2074
1306
210
2288
1671
2070
1304
209
2285
1666
2016
1295
192
2215
1619
2005
1291
123
2191
1609
1929
1286
117
2176
1589
1898
1279
107
2164
1582
1896
1275
105
2152
1553
1877
1274
104
2150
1536
1866
1264
97
2135
1512
1839
1258
53
2105
1454
1770
1244
52
2101
1449
1743
1241
28
2047
1437
1741
1240
22
2024
1421
1689
1230
10
2023
1418
1641
1221
7
1987
1414
1621
1216
2
1982
1391
1602
1207
2492
1974
1378
1595
1203
2412
1955
1363
1567
1201
2370
1923
1340
1541
1199
2366
1822
1318
1537
1195
2349
1816
1282
1517
1183
2311
1798
1270
1501
1182
2295
1778
1200
1467
1176
2266
1775
1192
1413
1156
2247
1756
1178
1371
1147
2241
1749
1177
1344
1122
2174
1718
1152
1314
1109
2155
1706
1057
1271
1106
2151
1673
1022
1236
1094
2077
1611
1007
1150
1049
2001
1605
937
1136
1047
1977
1575
917
1117
1046
1944
1547
849
1103
1034
1901
1520
847
1080
1032
1897
1513
802
1045
1006
1887
1459
788
1017
1003
1821
1425
760
972
987
1769
1412
718
953
984
1760
1384
601
889
969
1695
1317
556
876
966
1670
1296
555
855
955
1658
1283
471
831
948
1634
1255
470
820
944
1600
1238
447
812
934
1583
1226
421
783
932
1551
1218
397
693
927
1495
1171
395
687
926
1480
1149
355
674
906
1442
1140
353
592
887
1407
1118
329
583
885
1404
1019
327
580
875
1347
1004
326
566
871
1334
992
264
523
866
1301
990
245
509
860
1252
989
186
479
854
1247
983
145
466
806
1245
970
133
441
795
1237
964
116
405
782
1153
867
39
346
779
1148
853
27
343
766
1132
852
1
258
764
1112
843
2487
255
763
1096
830
2478
242
762
1093
756
2404
240
759
1079
743
2382
227
748
1067
740
2336
215
746
1059
736
2329
213
737
1053
710
2328
135
734
994
662
2321
118
698
929
594
2317
56
694
924
585
2310
4
689
923
571
2309
2480
672
894
541
2308
2479
670
890
519
2291
2476
663
878
508
2270
2471
652
865
489
2249
2459
651
826
450
2246
2456
649
818
423
2242
2444
643
805
418
2113
2357
641
791
383
2099
2307
638
790
382
2092
2296
634
787
372
2088
2226
628
785
366
2080
2219
627
777
364
2040
2212
626
765
315
2012
2206
625
647
295
1933
2202
593
639
289
1906
2199
586
597
283
1903
2175
559
577
239
1879
2154
549
565
229
1871
2153
536
545
223
1858
2129
530
482
220
1810
2127
529
458
161
1791
2125
524
437
149
1788
2095
507
435
103
1750
2075
506
431
79
1728
2042
502
402
71
1646
2011
480
368
57
1638
1980
477
363
35
1618
1973
463
351
2468
1617
1970
455
347
2451
1616
1960
453
334
2384
1613
1916
451
309
2374
1587
1911
448
254
2363
1559
1882
446
235
2346
1542
1875
443
230
2334
1529
1854
442
228
2305
1494
1853
433
195
2292
1440
1828
429
163
2274
1387
1765
422
150
2273
1368
1761
420
100
2269
1352
1748
388
77
2259
1333
1742
384
45
2213
1311
1731
379
19
2182
1289
1715
371
12
2177
1284
1681
370
2485
2117
1253
1637
369
2393
2064
1242
1615
335
2375
2051
1206
1557
331
2324
2020
1186
1555
318
2303
1959
1167
1549
317
2300
1895
1143
1534
307
2216
1711
1128
1523
302
2211
1690
1090
1463
293
2178
1626
1040
1447
286
2165
1561
1026
1446
282
2115
1538
1023
1428
272
1840
1531
978
1375
268
1813
1507
951
1366
256
1811
1499
919
1324
246
1800
1491
908
1321
236
1790
1457
905
1276
217
1780
1427
859
1262
214
1763
1411
797
1225
212
1732
1389
773
1219
205
1729
1315
747
1137
200
1719
1307
745
1099
198
1705
1288
730
1068
180
1702
1280
721
975
177
1682
1213
697
965
175
1675
1202
688
902
172
1652
1141
656
864
171
1651
1138
632
861
170
1649
1123
619
841
158
1633
1039
588
775
156
1620
1033
528
770
144
1588
1025
515
727
140
1581
1000
483
690
121
1573
976
419
682
115
1526
896
415
677
112
1519
893
400
668
110
1486
874
387
659
106
1474
868
342
622
102
1415
827
278
617
101
1403
822
250
606
94
1386
807
232
564
42
1349
744
216
563
11
1235
732
168
511
5
1197
713
146
503
3
1159
631
129
500
2482
1135
620
88
499
2442
1130
591
75
488
2441
1114
584
59
467
2408
1110
526
2475
427
2356
1105
520
2415
425
2322
1088
513
2377
411
2261
1081
492
2367
410
2240
1063
476
2326
377
2234
1061
312
2276
311
2204
1042
291
2253
304
2203
1018
226
2230
284
2167
1014
153
2210
279
2140
971
137
2169
257
2139
956
125
2163
225
2121
954
61
2149
211
2119
950
14
2107
194
2090
930
2430
2106
159
2052
897
2425
2103
130
2046
877
2403
2085
119
2030
869
2395
2081
80
2008
862
2390
2071
65
2004
781
2316
2050
36
2003
767
2267
2017
2491
1945
761
2248
1984
2477
1825
753
2148
1972
2448
1797
661
2134
1942
2446
1792
607
2056
1941
2368
1789
561
2015
1934
2361
1786
517
1990
1827
2318
1772
358
1986
1781
2315
1762
350
1979
1752
2251
1757
348
1964
1746
2229
1683
300
1924
1745
2192
1636
267
1909
1735
2184
1631
262
1902
1722
2181
1614
187
1845
1714
2069
1574
95
1841
1694
2044
1565
29
1836
1677
2036
1498
21
1806
1669
1993
1484
2452
1764
1607
1989
1476
2450
1688
1560
1985
1420
2424
1667
1475
1953
1409
2378
1660
1473
1952
1398
2369
1629
1472
1947
1372
2335
1596
1441
1939
1370
2312
1576
1400
1920
1356
2275
1563
1393
1918
1353
2272
1550
1382
1900
1331
2268
1488
1379
1886
1326
2124
1456
1328
1885
1319
2091
1410
1316
1883
1300
2060
1392
1308
1865
1232
2043
1335
1285
1844
1228
1961
1310
1261
1819
1204
1937
1263
1210
1808
1116
1935
1198
1115
1805
1100
1912
1121
1009
1793
1089
1881
1108
995
1776
1078
1833
1043
913
1643
1074
1771
1037
870
1635
1051
1753
1016
857
1599
1028
1726
967
842
1584
1013
1712
941
824
1546
962
1680
925
815
1515
949
1676
863
735
1509
910
1568
839
722
1504
892
1556
817
707
1483
798
1535
814
623
1460
796
1423
778
587
1439
789
1361
742
557
1429
771
1303
660
516
1416
755
1250
640
452
1376
752
1220
635
428
1374
751
1189
629
380
1365
750
1175
624
356
1338
712
1168
605
338
1325
705
1104
579
323
1323
700
1086
575
313
1313
699
1076
558
306
1287
685
1050
505
298
1254
648
1008
495
277
1215
616
981
459
274
1155
600
977
404
244
1133
544
935
396
237
1124
540
921
218
197
1069
491
850
178
166
1058
475
829
162
141
1054
416
793
143
98
1048
378
774
131
83
1036
362
738
126
62
1031
345
733
108
37
968
328
728
89
2493
946
319
703
68
2462
938
294
692
66
2445
918
270
691
2499
2431
903
253
675
2495
2402
882
183
633
2490
2400
856
160
596
2461
2358
851
136
542
2352
2342
844
127
518
2297
2277
799
109
498
2263
2238
772
58
424
2258
2048
769
17
391
2243
2033
741
2494
389
2188
2031
720
2469
385
2093
2010
704
2429
376
2065
2006
679
2392
375
1996
1995
637
2387
365
1994
1983
538
2385
310
1966
1956
525
2320
281
1965
1948
521
2214
249
1958
1926
460
2118
208
1917
1910
436
2067
196
1880
1867
434
1998
181
1857
1856
409
1992
154
1846
1802
408
1940
128
1832
1796
406
1892
78
1727
1691
392
1855
41
1701
1685
386
1851
23
1594
1554
287
1834
20
1569
1543
285
1829
13
1539
1508
280
1807
2467
1524
1493
252
1736
2454
1522
1490
241
1730
2426
1511
1461
221
1659
2354
1485
1426
164
1612
2340
1464
1402
134
1566
2327
1451
1297
114
1330
2284
1434
1248
113
1165
2237
1342
1233
96
1164
2198
1259
1212
92
1154
2168
1257
1190
86
1084
2094
1243
1162
81
1065
2087
1208
1139
51
1044
2002
1181
1119
48
1020
1949
1160
1113
43
1001
1915
1158
1082
38
904
1738
1142
1052
2497
873
1642
1083
1038
2422
816
1623
1029
1015
2388
811
1570
1021
963
2345
808
1540
960
959
2217
804
1533
922
810
2160
715
1514
915
754
2156
653
1482
888
708
2133
615
1455
836
609
2123
546
1350
828
574
2100
469
1312
809
553
2035
465
1302
794
547
2013
303
1268
792
430
1931
299
1239
776
390
1922
273
1209
686
374
1890
204
1163
474
359
1794
191
1071
394
354
1773
120
1011
381
276
1755
54
991
314
266
1720
44
974
271
201
1661
40
942
247
185
1648
2265
907
174
155
1627
2037
848
169
111
1564
2009
846
152
91
1527
1872
803
74
70
1521
1823
731
73
34
1406
1656
695
24
2465
1394
1544
581
2458
2434
1343
1528
550
2344
2245
1337
1373
468
2223
2132
1267
1214
325
2183
2026
1251
1098
248
2159
2021
1224
920
199
2141
2000
1205
813
179
2073
1899
1172
724
176
1976
1754
1151
709
67
1913
1699
1097
654
30
1812
1650
1002
612
2027
1759
1578
993
603
1876
1662
1530
939
562
1863
1640
1525
911
560
1860
1470
1444
900
462
1837
1445
1341
884
288
1664
1422
1272
840
207
1663
1419
1196
832
93
1571
1281
1193
825
49
1471
1249
845
821
47
1359
1085
800
780
2194
1322
1055
758
711
2102
1170
1041
706
645
2098
1064
998
671
614
1943
1062
985
608
602
1709
979
952
599
568
1497
901
642
598
504
1452
717
595
464
445
1223
657
514
461
444
1146
646
494
456
413
1070
590
478
320
275
678
582
472
238
219
142
548
367
231
173
2189
439
341
222
167
2078
426
321
188
147
1904
403
190
84
63
1035
399
157
69
55
259
99
87
60
26
