0
10
44
83
159
23
31
50
109
168
29
95
124
194
293
36
99
136
228
306
84
106
184
241
310
92
127
197
246
331
122
135
218
307
439
138
154
259
342
486
145
178
297
349
511
146
191
304
354
520
156
204
317
378
521
174
217
333
513
552
182
234
367
540
561
216
281
431
551
572
229
313
559
634
638
244
321
617
701
808
251
338
641
705
834
255
343
655
722
838
265
352
674
767
890
283
359
716
777
911
320
365
785
804
947
344
369
825
844
977
350
374
863
895
986
387
388
868
913
1060
393
411
889
939
1080
415
426
899
951
1106
418
430
909
965
1159
451
466
914
984
1169
469
479
969
998
1179
487
524
1002
1017
1209
506
526
1015
1023
1229
528
531
1046
1063
1242
534
537
1065
1075
1343
542
573
1092
1120
1362
558
593
1143
1162
1374
591
597
1183
1234
1395
596
670
1185
1272
1453
606
687
1268
1295
1494
611
691
1282
1318
1507
612
694
1292
1330
1515
666
699
1302
1344
1520
668
702
1365
1368
1563
673
704
1367
1370
1595
698
707
1372
1378
1603
700
725
1385
1398
1616
712
741
1412
1428
1632
726
744
1449
1458
1698
735
747
1472
1475
1705
743
755
1476
1521
1707
763
836
1541
1566
1765
786
847
1560
1591
1812
788
877
1573
1605
1833
789
891
1577
1609
1843
797
906
1610
1634
1937
799
931
1627
1676
1977
800
945
1646
1684
2026
802
953
1647
1761
2063
823
990
1664
1836
2079
869
1025
1748
1874
2113
872
1043
1771
1923
2170
882
1045
1801
1999
2172
897
1050
1803
2029
2290
932
1059
1804
2035
2341
935
1151
1819
2058
2371
958
1153
1915
2150
2428
973
1163
1925
2159
2475
989
1180
1936
2187
2499
1028
1214
1959
2227
1716
1056
1224
2005
2229
166
1079
1228
2009
2250
214
1113
1235
2019
2259
2344
1118
1237
2039
2268
806
1154
1261
2068
2307
1201
1157
1269
2166
2379
2374
1177
1274
2186
464
1831
1187
1294
2281
314
2020
1223
1304
2327
766
1649
1227
1309
2345
2405
2430
1241
1349
2370
1069
2271
1243
1359
2386
1424
2443
1250
1406
2422
398
2048
1270
1420
2429
715
115
1284
1430
2489
770
873
1293
1452
2495
1150
2135
1300
1463
1922
2055
621
1319
1465
1316
2314
413
1320
1467
590
1504
560
1333
1470
67
746
894
1451
1483
1123
1129
1040
1454
1532
1144
33
1769
1474
1556
1934
1802
584
1484
1568
169
2398
1650
1551
1618
2069
2093
758
1561
1658
1093
1903
619
1562
1659
1200
970
885
1597
1678
434
720
1861
1630
1682
2092
586
1699
1642
1706
2292
622
207
1644
1720
547
1938
1788
1651
1721
1624
2339
706
1660
1726
2095
2233
719
1663
1727
765
1868
1095
1730
1751
1170
2119
516
1731
1760
2106
391
389
1738
1770
950
2102
2057
1741
1810
1152
107
841
1743
1813
1798
1089
1909
1763
1817
864
820
751
1780
1821
1739
133
937
1794
1829
614
1711
713
1809
1869
1635
2400
2115
1857
1881
2466
2206
1033
1892
1933
252
2252
1872
1910
1940
1824
536
1980
1929
1974
1068
2382
1182
1939
1989
1715
1239
28
1954
2004
1205
1246
1860
1956
2024
1479
499
1856
1996
2033
353
236
1031
1997
2064
988
1047
1807
2017
2096
1902
1941
730
2023
2104
254
1389
1134
2032
2129
1265
1416
164
2040
2130
1789
87
1969
2052
2132
2178
2125
1283
2117
2142
2392
557
926
2127
2148
2275
2485
1778
2151
2158
912
1247
2160
2161
2163
64
11
1584
2168
2176
130
1098
1626
2189
2194
85
1307
678
2195
2196
381
1766
1859
2222
2237
2067
2336
714
2223
2278
3
630
1275
2230
2295
1613
1096
1539
2238
2296
2329
2328
649
2301
2303
782
1327
176
2306
2322
13
142
740
2323
2324
1952
2060
105
2334
2350
2072
1166
729
2337
2351
2288
1090
994
2355
2361
688
437
2335
2364
2385
942
1139
1505
2375
2387
927
1391
1569
2390
2431
2101
260
848
2414
2448
332
839
457
2437
2463
1495
2342
2065
2464
2471
277
1340
742
2473
2487
2164
2013
884
2488
2493
2044
498
1992
2494
2497
959
2258
1639
2498
824
2317
22
2384
1481
1895
2425
447
175
335
2018
1529
2154
1121
1173
1602
330
916
1427
654
2006
1432
2441
1695
1853
2270
1176
865
955
2404
1408
608
1631
1852
569
639
1638
1964
1217
1413
1620
2410
2378
1503
1762
209
527
752
2192
424
448
2012
280
496
2276
1460
966
1384
1921
186
1530
1414
976
2333
295
1126
485
754
821
1221
1511
2110
1380
896
1510
225
2359
978
1637
810
2244
1468
2269
1729
1932
1052
995
196
2088
1998
262
2025
993
1373
1656
118
648
1795
205
1443
860
471
523
626
358
996
888
2451
1386
2480
61
1216
711
1105
502
492
512
489
2235
110
412
575
548
683
363
2318
465
941
645
193
1206
2304
1088
1871
1734
807
840
1108
1657
226
1301
47
1441
24
1950
1423
81
2199
709
93
299
2389
2140
1245
2247
414
1946
549
2432
2249
828
172
1403
2236
1402
181
801
408
366
731
1896
798
1161
605
1254
2352
481
417
273
1680
858
1579
483
1512
1976
1985
908
723
2421
1
1764
198
1267
1394
1457
732
1968
2089
257
1332
811
160
795
201
780
406
1279
1103
454
987
346
1786
30
2283
1351
745
416
2326
902
503
1188
1725
148
1366
803
46
2358
42
292
300
685
1845
2109
2075
1502
1358
1000
1346
1606
1523
1970
2042
1172
1858
1083
1338
1542
2300
102
468
1791
1230
54
399
269
1995
2122
1128
1945
653
1653
1773
923
578
2215
1732
692
601
1042
779
1264
1197
1790
2108
1692
1037
1231
1107
903
1211
680
2118
2174
1323
2305
1645
1599
1425
2045
1865
893
1354
1051
15
1342
368
515
248
21
1531
2204
1055
1873
35
567
2418
131
1919
38
1752
199
1851
1014
53
112
356
2245
233
70
1913
435
609
270
73
2081
18
957
20
74
1189
1614
1382
69
88
2289
298
1621
2248
94
1522
1800
1308
5
97
555
478
1991
6
98
962
775
1461
9
101
2086
961
640
14
104
972
2472
1171
16
113
1767
812
1442
45
114
1325
2
2011
56
121
1552
55
1514
59
126
1718
2112
819
75
134
58
2465
1643
111
141
1696
2054
2210
117
153
2008
1256
404
120
203
1496
907
2156
123
211
1034
1987
898
125
215
1966
2181
1492
132
245
19
1251
2049
147
249
162
239
1070
152
266
1536
171
985
155
267
686
1482
1312
158
279
470
2496
632
163
284
2193
1466
509
165
286
427
1893
2381
167
291
874
783
1249
177
302
1077
1184
2205
187
309
2349
2143
1048
208
312
672
1918
1565
222
322
2107
675
1409
232
323
2316
1498
1567
238
329
952
647
1142
258
334
849
1535
1776
274
337
80
859
695
282
341
2280
340
2111
288
345
96
870
1061
303
376
1883
8
1571
305
379
761
383
394
318
385
2297
433
1709
325
392
1078
263
224
327
397
671
1219
2046
364
401
1393
1124
1604
375
403
924
1137
2332
380
429
1611
919
1588
382
432
627
242
2397
386
436
2165
1574
2486
390
443
905
934
570
396
449
514
1931
1576
419
458
1585
2417
72
420
461
1073
2415
25
442
472
1612
544
32
450
480
1165
2409
37
455
505
1135
1027
40
463
507
1862
2131
43
490
530
357
1455
48
491
539
2315
2077
52
493
545
65
2021
60
501
546
402
2366
62
508
554
1756
1260
78
525
562
373
2202
79
535
574
407
1887
82
553
577
1963
1689
91
565
587
1041
1581
100
576
588
1401
500
108
579
592
599
1464
116
581
602
2171
2254
140
585
603
103
538
143
589
629
543
1775
183
598
636
1719
727
185
613
637
1335
1796
195
625
642
1289
1029
202
644
650
1717
532
220
646
651
477
219
221
657
659
348
57
243
660
669
1757
818
256
661
689
1110
1799
261
664
697
1119
1516
276
667
708
1199
1947
289
684
710
1633
1543
290
696
721
1781
2277
311
703
736
796
1066
315
718
760
188
475
319
739
764
774
728
324
749
790
633
1225
326
784
793
883
734
351
787
817
1722
2403
355
792
822
831
1146
360
813
861
1291
1328
361
815
866
71
2434
405
830
880
1677
2191
409
837
886
1601
1528
410
850
901
1363
2272
422
851
915
161
301
425
852
925
1193
139
428
853
929
1131
12
444
854
938
1724
827
453
867
948
179
1935
462
875
949
272
1138
474
881
956
149
2311
482
892
979
1825
856
484
900
997
316
336
488
904
1003
2062
473
497
918
1004
981
1694
517
921
1007
180
2214
522
922
1008
2391
833
529
930
1010
1013
231
533
940
1011
983
1793
541
946
1020
1001
17
550
964
1026
690
2399
556
968
1067
2144
1469
566
971
1076
2482
2293
568
975
1081
2439
90
582
991
1084
580
1983
583
1005
1094
2376
1667
594
1016
1101
1889
1640
600
1030
1109
677
564
607
1035
1112
2167
1988
610
1039
1114
2047
2050
616
1057
1116
235
750
618
1058
1117
362
2200
624
1062
1125
1753
2212
631
1074
1127
778
1044
635
1091
1136
2078
1537
643
1104
1147
2483
2226
652
1111
1164
2141
1517
656
1115
1175
1662
49
679
1141
1204
1167
1555
682
1145
1207
68
1820
717
1156
1215
1540
982
724
1178
1233
676
2477
737
1191
1236
456
1712
753
1195
1240
230
862
756
1198
1244
2015
1670
757
1208
1253
4
377
762
1210
1257
1064
2302
771
1226
1273
2427
1978
772
1232
1277
855
2469
814
1238
1286
1538
1220
816
1248
1296
2213
63
829
1262
1305
1353
2239
843
1281
1311
1850
846
857
1290
1321
294
1702
871
1306
1326
1648
2445
917
1314
1331
150
832
936
1315
1336
210
400
943
1322
1337
681
733
944
1329
1348
2221
1407
954
1334
1352
268
206
963
1345
1360
845
421
974
1350
1369
2299
1745
992
1357
1371
137
1841
1006
1364
1379
452
76
1018
1377
1381
460
278
1019
1383
1405
2286
1962
1024
1388
1410
1703
1728
1032
1392
1411
791
264
1053
1417
1421
662
347
1054
1418
1434
1310
2183
1072
1426
1456
7
2225
1082
1433
1471
805
370
1085
1435
1473
2010
445
1086
1438
1477
1774
2284
1097
1444
1485
271
2343
1099
1446
1487
285
119
1133
1447
1491
441
1570
1149
1448
1499
240
1827
1158
1459
1508
1490
26
1190
1478
1518
1356
27
1202
1480
1527
2453
34
1222
1489
1533
1834
41
1255
1497
1544
2459
66
1258
1501
1545
173
89
1263
1506
1547
1884
129
1276
1513
1557
1012
151
1287
1519
1559
237
157
1288
1524
1564
842
189
1297
1548
1575
1174
190
1298
1550
1580
1439
200
1313
1558
1582
519
212
1361
1572
1587
623
213
1376
1586
1590
1863
250
1387
1589
1594
1687
275
1397
1592
1622
1951
287
1429
1600
1629
1546
296
1431
1607
1652
615
308
1436
1617
1654
663
339
1437
1619
1665
438
371
1440
1641
1672
2182
372
1445
1666
1673
658
384
1486
1669
1686
967
395
1488
1675
1690
604
446
1493
1691
1701
328
476
1500
1713
1737
1299
494
1526
1733
1749
1808
495
1549
1735
1755
1855
510
1554
1736
1768
2037
563
1578
1742
1784
2073
571
1583
1746
1785
39
628
1593
1750
1797
51
665
1596
1754
1805
77
738
1608
1772
1818
86
748
1623
1779
1826
128
759
1628
1787
1832
144
769
1655
1806
1839
170
776
1661
1814
1846
192
781
1668
1823
1847
223
809
1674
1837
1849
227
826
1679
1838
1870
247
878
1688
1840
1877
253
879
1693
1848
1878
423
887
1697
1864
1879
440
928
1700
1866
1882
459
933
1704
1880
1886
467
980
1710
1891
1900
504
1022
1723
1894
1911
518
1036
1740
1899
1912
595
1071
1747
1904
1927
620
1122
1759
1907
1930
693
1130
1777
1916
1942
768
1132
1783
1920
1944
773
1140
1815
1948
1957
794
1148
1830
1953
1972
835
1155
1835
1955
1979
876
1168
1842
1961
1981
910
1196
1844
1973
1993
920
1212
1854
1975
2002
960
1218
1885
1982
2007
999
1266
1890
2000
2014
1009
1271
1898
2003
2034
1021
1278
1901
2043
2051
1038
1285
1905
2053
2059
1049
1303
1908
2061
2084
1087
1317
1917
2070
2103
1100
1324
1926
2083
2105
1102
1339
1928
2085
2120
1160
1341
1958
2087
2123
1181
1347
1960
2091
2124
1186
1375
1967
2097
2134
1192
1390
1971
2098
2155
1194
1396
1990
2099
2157
1203
1400
1994
2100
2173
1213
1419
2030
2133
2180
1252
1422
2031
2137
2184
1259
1525
2041
2145
2197
1280
1598
2071
2146
2207
1355
1636
2074
2152
2211
1399
1671
2076
2162
2216
1404
1681
2090
2185
2231
1415
1683
2094
2188
2232
1450
1685
2116
2190
2234
1462
1714
2121
2198
2241
1509
1782
2128
2209
2243
1534
1816
2136
2219
2253
1553
1822
2138
2228
2257
1615
1867
2153
2251
2267
1625
1875
2177
2263
2279
1708
1876
2179
2264
2282
1744
1924
2203
2266
2285
1758
1943
2217
2273
2291
1792
1949
2220
2294
2309
1811
1984
2240
2310
2319
1828
1986
2246
2312
2346
1888
2028
2256
2320
2347
1897
2036
2260
2331
2348
1906
2056
2261
2338
2354
1914
2080
2262
2340
2356
1965
2082
2265
2353
2362
2001
2126
2287
2357
2365
2016
2147
2298
2360
2368
2022
2169
2308
2363
2369
2027
2201
2313
2367
2372
2038
2208
2321
2373
2380
2066
2255
2330
2383
2396
2114
2325
2377
2388
2412
2139
2393
2401
2407
2413
2149
2394
2402
2411
2416
2175
2406
2408
2419
2420
2218
2423
2424
2433
2438
2224
2435
2436
2442
2446
2242
2440
2447
2449
2450
2274
2444
2452
2456
2460
2395
2454
2457
2462
2478
2426
2458
2461
2467
2479
2455
2468
2476
2481
2484
2470
2474
2490
2491
2492
