2492
2491
2490
2474
2470
2484
2481
2476
2468
2455
2479
2467
2461
2458
2426
2478
2462
2457
2454
2395
2460
2456
2452
2444
2274
2450
2449
2447
2440
2242
2446
2442
2436
2435
2224
2438
2433
2424
2423
2218
2420
2419
2408
2406
2175
2416
2411
2402
2394
2149
2413
2407
2401
2393
2139
2412
2388
2377
2325
2114
2396
2383
2330
2255
2066
2380
2373
2321
2208
2038
2372
2367
2313
2201
2027
2369
2363
2308
2169
2022
2368
2360
2298
2147
2016
2365
2357
2287
2126
2001
2362
2353
2265
2082
1965
2356
2340
2262
2080
1914
2354
2338
2261
2056
1906
2348
2331
2260
2036
1897
2347
2320
2256
2028
1888
2346
2312
2246
1986
1828
2319
2310
2240
1984
1811
2309
2294
2220
1949
1792
2291
2273
2217
1943
1758
2285
2266
2203
1924
1744
2282
2264
2179
1876
1708
2279
2263
2177
1875
1625
2267
2251
2153
1867
1615
2257
2228
2138
1822
1553
2253
2219
2136
1816
1534
2243
2209
2128
1782
1509
2241
2198
2121
1714
1462
2234
2190
2116
1685
1450
2232
2188
2094
1683
1415
2231
2185
2090
1681
1404
2216
2162
2076
1671
1399
2211
2152
2074
1636
1355
2207
2146
2071
1598
1280
2197
2145
2041
1525
1259
2184
2137
2031
1422
1252
2180
2133
2030
1419
1213
2173
2100
1994
1400
1203
2157
2099
1990
1396
1194
2155
2098
1971
1390
1192
2134
2097
1967
1375
1186
2124
2091
1960
1347
1181
2123
2087
1958
1341
1160
2120
2085
1928
1339
1102
2105
2083
1926
1324
1100
2103
2070
1917
1317
1087
2084
2061
1908
1303
1049
2059
2053
1905
1285
1038
2051
2043
1901
1278
1021
2034
2003
1898
1271
1009
2014
2000
1890
1266
999
2007
1982
1885
1218
960
2002
1975
1854
1212
920
1993
1973
1844
1196
910
1981
1961
1842
1168
876
1979
1955
1835
1155
835
1972
1953
1830
1148
794
1957
1948
1815
1140
773
1944
1920
1783
1132
768
1942
1916
1777
1130
693
1930
1907
1759
1122
620
1927
1904
1747
1071
595
1912
1899
1740
1036
518
1911
1894
1723
1022
504
1900
1891
1710
980
467
1886
1880
1704
933
459
1882
1866
1700
928
440
1879
1864
1697
887
423
1878
1848
1693
879
253
1877
1840
1688
878
247
1870
1838
1679
826
227
1849
1837
1674
809
223
1847
1823
1668
781
192
1846
1814
1661
776
170
1839
1806
1655
769
144
1832
1787
1628
759
128
1826
1779
1623
748
86
1818
1772
1608
738
77
1805
1754
1596
665
51
1797
1750
1593
628
39
1785
1746
1583
571
2073
1784
1742
1578
563
2037
1768
1736
1554
510
1855
1755
1735
1549
495
1808
1749
1733
1526
494
1299
1737
1713
1500
476
328
1701
1691
1493
446
604
1690
1675
1488
395
967
1686
1669
1486
384
658
1673
1666
1445
372
2182
1672
1641
1440
371
438
1665
1619
1437
339
663
1654
1617
1436
308
615
1652
1607
1431
296
1546
1629
1600
1429
287
1951
1622
1592
1397
275
1687
1594
1589
1387
250
1863
1590
1586
1376
213
623
1587
1572
1361
212
519
1582
1558
1313
200
1439
1580
1550
1298
190
1174
1575
1548
1297
189
842
1564
1524
1288
157
237
1559
1519
1287
151
1012
1557
1513
1276
129
1884
1547
1506
1263
89
173
1545
1501
1258
66
2459
1544
1497
1255
41
1834
1533
1489
1222
34
2453
1527
1480
1202
27
1356
1518
1478
1190
26
1490
1508
1459
1158
1827
240
1499
1448
1149
1570
441
1491
1447
1133
119
285
1487
1446
1099
2343
271
1485
1444
1097
2284
1774
1477
1438
1086
445
2010
1473
1435
1085
370
805
1471
1433
1082
2225
7
1456
1426
1072
2183
1310
1434
1418
1054
347
662
1421
1417
1053
264
791
1411
1392
1032
1728
1703
1410
1388
1024
1962
2286
1405
1383
1019
278
460
1381
1377
1018
76
452
1379
1364
1006
1841
137
1371
1357
992
1745
2299
1369
1350
974
421
845
1360
1345
963
206
268
1352
1334
954
1407
2221
1348
1329
944
733
681
1337
1322
943
400
210
1336
1315
936
832
150
1331
1314
917
2445
1648
1326
1306
871
1702
294
1321
1290
857
846
1850
1311
1281
843
2239
1353
1305
1262
829
63
2213
1296
1248
816
1220
1538
1286
1238
814
2469
855
1277
1232
772
1978
2427
1273
1226
771
2302
1064
1257
1210
762
377
4
1253
1208
757
1670
2015
1244
1198
756
862
230
1240
1195
753
1712
456
1236
1191
737
2477
676
1233
1178
724
982
1540
1215
1156
717
1820
68
1207
1145
682
1555
1167
1204
1141
679
49
1662
1175
1115
656
1517
2141
1164
1111
652
2226
2483
1147
1104
643
1537
2078
1136
1091
635
1044
778
1127
1074
631
2212
1753
1125
1062
624
2200
362
1117
1058
618
750
235
1116
1057
616
2050
2047
1114
1039
610
1988
2167
1112
1035
607
564
677
1109
1030
600
1640
1889
1101
1016
594
1667
2376
1094
1005
583
1983
580
1084
991
582
90
2439
1081
975
568
2293
2482
1076
971
566
1469
2144
1067
968
556
2399
690
1026
964
550
17
1001
1020
946
541
1793
983
1011
940
533
231
1013
1010
930
529
833
2391
1008
922
522
2214
180
1007
921
517
1694
981
1004
918
497
473
2062
1003
904
488
336
316
997
900
484
856
1825
979
892
482
2311
149
956
881
474
1138
272
949
875
462
1935
179
948
867
453
827
1724
938
854
444
12
1131
929
853
428
139
1193
925
852
425
301
161
915
851
422
2272
1363
901
850
410
1528
1601
886
837
409
2191
1677
880
830
405
2434
71
866
815
361
1328
1291
861
813
360
1146
831
822
792
355
2403
1722
817
787
351
734
883
793
784
326
1225
633
790
749
324
728
774
764
739
319
475
188
760
718
315
1066
796
736
703
311
2277
1781
721
696
290
1543
1633
710
684
289
1947
1199
708
667
276
1516
1119
697
664
261
1799
1110
689
661
256
818
1757
669
660
243
57
348
659
657
221
219
477
651
646
220
532
1717
650
644
202
1029
1289
642
625
195
1796
1335
637
613
185
727
1719
636
598
183
1775
543
629
589
143
538
103
603
585
140
2254
2171
602
581
116
1464
599
592
579
108
500
1401
588
576
100
1581
1041
587
565
91
1689
1963
577
553
82
1887
407
574
535
79
2202
373
562
525
78
1260
1756
554
508
62
2366
402
546
501
60
2021
65
545
493
52
2077
2315
539
491
48
1455
357
530
490
43
2131
1862
507
463
40
1027
1135
505
455
37
2409
1165
480
450
32
544
1612
472
442
25
2415
1073
461
420
72
2417
1585
458
419
1576
1931
514
449
396
570
934
905
443
390
2486
1574
2165
436
386
2397
242
627
432
382
1588
919
1611
429
380
2332
1137
924
403
375
1604
1124
1393
401
364
2046
1219
671
397
327
224
263
1078
392
325
1709
433
2297
385
318
394
383
761
379
305
1571
8
1883
376
303
1061
870
96
345
288
2111
340
2280
341
282
695
859
80
337
274
1776
1535
849
334
258
1142
647
952
329
238
1567
1498
2316
323
232
1409
675
2107
322
222
1565
1918
672
312
208
1048
2143
2349
309
187
2205
1184
1077
302
177
1249
783
874
291
167
2381
1893
427
286
165
509
1466
2193
284
163
632
2496
470
279
158
1312
1482
686
267
155
985
171
1536
266
152
1070
239
162
249
147
2049
1251
19
245
132
1492
2181
1966
215
125
898
1987
1034
211
123
2156
907
1496
203
120
404
1256
2008
153
117
2210
2054
1696
141
111
1643
2465
58
134
75
819
2112
1718
126
59
1514
55
1552
121
56
2011
2
1325
114
45
1442
812
1767
113
16
1171
2472
972
104
14
640
961
2086
101
9
1461
775
962
98
6
1991
478
555
97
5
1308
1800
1522
94
2248
1621
298
2289
88
69
1382
1614
1189
74
20
957
18
2081
73
270
609
435
1913
70
233
2245
356
112
53
1014
1851
199
1752
38
1919
131
2418
567
35
1873
1055
2204
1531
21
248
515
368
1342
15
1051
1354
893
1865
2045
1425
1599
1645
2305
1323
2174
2118
680
1211
903
1107
1231
1037
1692
2108
1790
1197
1264
779
1042
601
692
1732
2215
578
923
1773
1653
653
1945
1128
2122
1995
269
399
54
1230
1791
468
102
2300
1542
1338
1083
1858
1172
2042
1970
1523
1606
1346
1000
1358
1502
2075
2109
1845
685
300
292
42
2358
46
803
1366
148
1725
1188
503
902
2326
416
745
1351
2283
30
1786
346
987
454
1103
1279
406
780
201
795
160
811
1332
257
2089
1968
732
1457
1394
1267
198
1764
1
2421
723
908
1985
1976
1512
483
1579
858
1680
273
417
481
2352
1254
605
1161
798
1896
731
366
408
801
181
1402
2236
1403
172
828
2249
2432
549
1946
414
2247
1245
2140
2389
299
93
709
2199
81
1423
1950
24
1441
47
1301
226
1657
1108
840
807
1734
1871
1088
2304
1206
193
645
941
465
2318
363
683
548
575
412
110
2235
489
512
492
502
1105
711
1216
61
2480
1386
2451
888
996
358
626
523
471
860
1443
205
1795
648
118
1656
1373
993
2025
262
1998
2088
196
995
1052
1932
1729
2269
1468
2244
810
1637
978
2359
225
1510
896
1380
2110
1511
1221
821
754
485
1126
295
2333
976
1414
1530
186
1921
1384
966
1460
2276
496
280
2012
448
424
2192
752
527
209
1762
1503
2378
2410
1620
1413
1217
1964
1638
639
569
1852
1631
608
1408
2404
955
865
1176
2270
1853
1695
2441
1432
2006
654
1427
916
330
1602
1173
1121
2154
1529
2018
335
175
447
2425
1895
1481
2384
22
2317
824
2498
1639
2258
959
2497
2494
1992
498
2044
2493
2488
884
2013
2164
2487
2473
742
1340
277
2471
2464
2065
2342
1495
2463
2437
457
839
332
2448
2414
848
260
2101
2431
2390
1569
1391
927
2387
2375
1505
1139
942
2385
2364
2335
437
688
2361
2355
994
1090
2288
2351
2337
729
1166
2072
2350
2334
105
2060
1952
2324
2323
740
142
13
2322
2306
176
1327
782
2303
2301
649
2328
2329
2296
2238
1539
1096
1613
2295
2230
1275
630
3
2278
2223
714
2336
2067
2237
2222
1859
1766
381
2196
2195
678
1307
85
2194
2189
1626
1098
130
2176
2168
1584
11
64
2163
2161
2160
1247
912
2158
2151
1778
2485
2275
2148
2127
926
557
2392
2142
2117
1283
2125
2178
2132
2052
1969
87
1789
2130
2040
164
1416
1265
2129
2032
1134
1389
254
2104
2023
730
1941
1902
2096
2017
1807
1047
988
2064
1997
1031
236
353
2033
1996
1856
499
1479
2024
1956
1860
1246
1205
2004
1954
28
1239
1715
1989
1939
1182
2382
1068
1974
1929
1980
536
1824
1940
1910
1872
2252
252
1933
1892
1033
2206
2466
1881
1857
2115
2400
1635
1869
1809
713
1711
614
1829
1794
937
133
1739
1821
1780
751
820
864
1817
1763
1909
1089
1798
1813
1743
841
107
1152
1810
1741
2057
2102
950
1770
1738
389
391
2106
1760
1731
516
2119
1170
1751
1730
1095
1868
765
1727
1663
719
2233
2095
1726
1660
706
2339
1624
1721
1651
1788
1938
547
1720
1644
207
622
2292
1706
1642
1699
586
2092
1682
1630
1861
720
434
1678
1597
885
970
1200
1659
1562
619
1903
1093
1658
1561
758
2093
2069
1618
1551
1650
2398
169
1568
1484
584
1802
1934
1556
1474
1769
33
1144
1532
1454
1040
1129
1123
1483
1451
894
746
67
1470
1333
560
1504
590
1467
1320
413
2314
1316
1465
1319
621
2055
1922
1463
1300
2135
1150
2495
1452
1293
873
770
2489
1430
1284
115
715
2429
1420
1270
2048
398
2422
1406
1250
2443
1424
2386
1359
1243
2271
1069
2370
1349
1241
2430
2405
2345
1309
1227
1649
766
2327
1304
1223
2020
314
2281
1294
1187
1831
464
2186
1274
1177
2374
2379
2166
1269
1157
1201
2307
2068
1261
1154
806
2268
2039
1237
1118
2344
2259
2019
1235
1113
214
2250
2009
1228
1079
166
2229
2005
1224
1056
1716
2227
1959
1214
1028
2499
2187
1936
1180
989
2475
2159
1925
1163
973
2428
2150
1915
1153
958
2371
2058
1819
1151
935
2341
2035
1804
1059
932
2290
2029
1803
1050
897
2172
1999
1801
1045
882
2170
1923
1771
1043
872
2113
1874
1748
1025
869
2079
1836
1664
990
823
2063
1761
1647
953
802
2026
1684
1646
945
800
1977
1676
1627
931
799
1937
1634
1610
906
797
1843
1609
1577
891
789
1833
1605
1573
877
788
1812
1591
1560
847
786
1765
1566
1541
836
763
1707
1521
1476
755
743
1705
1475
1472
747
735
1698
1458
1449
744
726
1632
1428
1412
741
712
1616
1398
1385
725
700
1603
1378
1372
707
698
1595
1370
1367
704
673
1563
1368
1365
702
668
1520
1344
1302
699
666
1515
1330
1292
694
612
1507
1318
1282
691
611
1494
1295
1268
687
606
1453
1272
1185
670
596
1395
1234
1183
597
591
1374
1162
1143
593
558
1362
1120
1092
573
542
1343
1075
1065
537
534
1242
1063
1046
531
528
1229
1023
1015
526
506
1209
1017
1002
524
487
1179
998
969
479
469
1169
984
914
466
451
1159
965
909
430
418
1106
951
899
426
415
1080
939
889
411
393
1060
913
868
388
387
986
895
863
374
350
977
844
825
369
344
947
804
785
365
320
911
777
716
359
283
890
767
674
352
265
838
722
655
343
255
834
705
641
338
251
808
701
617
321
244
638
634
559
313
229
572
551
431
281
216
561
540
367
234
182
552
513
333
217
174
521
378
317
204
156
520
354
304
191
146
511
349
297
178
145
486
342
259
154
138
439
307
218
135
122
331
246
197
127
92
310
241
184
106
84
306
228
136
99
36
293
194
124
95
29
168
109
50
31
23
159
83
44
10
0
