2490
2469
2462
2347
1883
2367
2302
2294
2260
981
2310
2273
2255
2179
2224
2266
2253
2177
1867
2213
2263
2241
1971
1822
2081
2190
2157
1732
1679
2073
2133
2124
1668
1422
2037
2099
1973
1661
1407
1821
2087
1961
1554
1400
1774
2085
1900
1256
1197
1615
2061
1866
1218
1142
1509
2059
1848
1130
1082
1299
1957
1837
1122
963
1280
1945
1823
1044
936
1181
1916
1772
928
762
1021
1907
1735
781
756
1009
1886
1619
748
682
731
1877
1592
652
628
681
1818
1524
616
571
504
1797
1489
564
533
362
1629
1459
510
482
210
1587
1435
495
474
71
1559
1392
478
405
4
1557
1262
435
202
2459
1547
1226
250
2486
2439
1527
1210
219
2420
2395
1508
1115
92
2287
2361
1477
1074
89
2265
2322
1434
1035
41
2261
2286
1411
899
27
2246
2139
1336
815
26
2220
2114
1236
792
2477
2217
2062
1233
784
2470
2138
2047
1215
739
2468
2076
2016
1147
661
2464
2049
2010
1127
589
2445
2031
1976
1125
581
2406
1994
1913
1116
535
2402
1960
1897
1084
525
2325
1908
1888
1011
493
2225
1844
1781
948
419
2204
1789
1724
790
382
2191
1783
1722
736
305
2189
1777
1720
669
187
2147
1700
1687
574
163
2143
1693
1677
562
125
2082
1623
1625
472
123
2056
1593
1585
432
6
2028
1500
1538
429
2461
1799
1461
1490
385
2457
1791
1440
1457
323
2446
1714
1436
1452
266
2419
1712
1414
1439
101
2378
1636
1308
1415
74
2309
1602
1263
1349
15
2282
1570
1222
1261
2432
2267
1455
1097
1254
2388
2173
1419
1085
1252
2383
2119
1390
1054
1235
2372
1975
1341
1053
1193
2362
1953
1317
988
1167
2319
1930
1303
985
1151
2228
1912
1243
944
1110
2198
1750
1140
857
1038
2152
1711
1036
814
967
2146
1666
1022
804
920
2115
1607
933
679
919
2098
1600
887
643
906
2070
1589
879
618
831
2034
1572
776
607
805
1972
1550
763
600
778
1894
1506
594
494
741
1882
1446
566
406
707
1879
1418
556
400
704
1878
1388
550
356
677
1870
1383
547
339
658
1832
1281
462
308
653
1805
1238
360
200
623
1785
1198
333
19
620
1690
1195
243
2465
604
1686
1145
172
2418
595
1673
1111
108
2401
567
1654
1108
82
2311
526
1622
1104
48
2202
477
1590
1091
2442
2183
438
1582
1088
2424
2126
423
1575
991
2411
2036
374
1544
976
2407
1985
363
1533
975
2386
1924
357
1518
971
2330
1827
328
1491
968
2288
1816
285
1487
922
2240
1796
253
1485
900
2153
1782
240
1473
889
2116
1775
170
1405
881
2092
1730
144
1381
853
2090
1689
95
1352
852
2071
1683
86
1337
850
2041
1671
77
1323
839
2012
1670
51
1273
837
1991
1640
2494
1207
813
1917
1598
2487
1112
703
1915
1466
2480
1076
701
1905
1464
2474
1067
576
1851
1451
2471
1010
508
1845
1300
2427
1008
499
1835
1271
2426
929
491
1759
1034
2390
925
490
1740
1027
2351
901
417
1704
989
2349
710
375
1697
980
2316
709
325
1688
882
2315
708
318
1674
878
2296
650
310
1635
872
2295
602
274
1621
856
2278
588
222
1583
832
2276
577
208
1576
826
2249
539
167
1526
812
2221
530
165
1492
728
2193
507
155
1431
712
2165
449
111
1428
665
2158
397
75
1385
448
2149
345
9
1354
421
2129
341
2476
1297
275
2104
312
2456
1190
231
2078
309
2451
1176
212
2015
292
2450
1162
129
1951
291
2413
1123
17
1906
279
2396
1099
12
1889
267
2331
1032
2497
1884
215
2312
1024
2454
1863
153
2291
1002
2440
1855
97
2279
957
2417
1850
73
2259
895
2415
1834
53
2257
888
2409
1829
21
2243
871
2385
1762
2447
2216
829
2343
1753
2394
2199
757
2284
1744
2373
2197
635
2272
1726
2356
2180
632
2238
1692
2290
2159
590
2214
1648
2219
2155
582
2208
1612
2209
2134
529
2176
1553
2185
2120
444
2131
1546
2162
2109
428
2117
1534
2160
2103
425
2080
1522
2145
2084
361
2077
1510
2137
2053
355
2018
1483
2135
2035
351
1996
1462
2100
2013
326
1988
1450
2097
2000
324
1986
1406
2083
1955
220
1983
1404
2020
1948
195
1949
1399
2014
1944
185
1947
1393
2007
1942
124
1943
1356
1941
1920
85
1939
1353
1927
1904
78
1935
1342
1903
1858
62
1929
1332
1849
1838
47
1875
1325
1847
1795
2495
1820
1294
1826
1701
2489
1780
1259
1768
1669
2481
1745
1237
1755
1641
2467
1738
1203
1691
1617
2460
1728
1165
1665
1586
2449
1685
1160
1606
1573
2397
1681
1137
1564
1558
2392
1667
1135
1545
1475
2389
1653
1131
1471
1458
2381
1630
1102
1456
1433
2377
1614
1100
1421
1345
2359
1555
1077
1410
1334
2345
1474
1073
1386
1327
2329
1454
1064
1371
1322
2321
1408
1050
1362
1314
2313
1396
1013
1360
1307
2308
1375
1012
1311
1248
2304
1319
990
1296
1246
2298
1301
952
1286
1232
2262
1278
907
1164
1156
2256
1266
905
1141
1094
2205
1225
891
1129
1007
2203
1206
842
1128
1004
2164
1168
803
1098
979
2156
1157
794
1039
894
2128
1155
791
1016
890
2121
1132
779
1014
880
2095
1071
755
964
861
2069
1066
693
892
817
2046
1028
687
875
808
2039
934
686
865
793
2030
897
676
851
760
2025
869
662
830
706
1958
860
633
795
689
1934
859
615
787
651
1925
827
569
746
642
1898
807
528
711
637
1890
797
519
660
636
1854
789
518
657
619
1830
775
502
603
579
1801
769
479
587
565
1747
759
468
554
548
1723
738
467
523
496
1710
698
466
501
480
1646
675
459
464
436
1599
611
456
450
379
1567
563
440
442
337
1566
500
424
398
329
1549
476
418
396
322
1542
473
402
390
302
1493
469
369
286
282
1472
446
358
284
270
1468
445
352
273
232
1429
433
335
249
196
1409
430
300
245
177
1387
395
272
214
158
1376
372
268
207
120
1372
370
230
203
117
1330
368
227
126
83
1316
299
223
121
59
1312
296
217
113
30
1288
287
188
104
20
1287
265
180
88
16
1276
244
173
35
14
1258
239
171
24
2438
1255
209
161
2499
2416
1249
190
154
2492
2380
1234
150
118
2484
2357
1216
149
61
2479
2353
1070
137
2488
2478
2342
1055
128
2472
2452
2320
1018
110
2463
2435
2307
1015
68
2458
2433
2300
1006
58
2431
2421
2268
974
39
2403
2393
2252
954
31
2399
2369
2250
950
7
2387
2368
2234
927
2498
2355
2333
2233
917
2483
2352
2283
2232
843
2453
2334
2271
2231
840
2404
2323
2264
2211
816
2391
2301
2207
2113
798
2375
2293
2174
2108
772
2364
2230
2154
2091
753
2350
2200
2150
2065
737
2324
2151
2140
2057
717
2305
2127
2105
2051
695
2303
2050
2055
1993
674
2299
2040
2043
1992
656
2280
2032
1982
1891
655
2274
2017
1964
1871
640
2247
2006
1919
1846
614
2242
1995
1911
1839
610
2237
1978
1880
1833
583
2218
1970
1873
1812
515
2215
1962
1868
1807
488
2195
1956
1864
1784
485
2194
1954
1840
1778
484
2182
1896
1814
1769
481
2181
1892
1806
1749
465
2171
1876
1766
1657
453
2168
1857
1746
1595
416
2167
1841
1736
1594
410
2161
1809
1713
1580
404
2144
1794
1684
1515
394
2141
1793
1560
1512
319
2132
1763
1548
1505
304
2130
1743
1519
1494
290
2086
1741
1504
1427
261
2024
1731
1501
1379
252
2022
1660
1497
1366
224
1998
1645
1480
1348
221
1989
1644
1478
1305
183
1987
1611
1448
1283
160
1965
1581
1447
1277
143
1963
1574
1444
1253
140
1950
1536
1438
1217
91
1940
1535
1425
1182
81
1933
1528
1424
1175
79
1932
1517
1417
1159
52
1914
1516
1416
1136
43
1881
1498
1391
1117
40
1862
1496
1377
1114
25
1853
1460
1370
1101
13
1828
1270
1364
1095
3
1813
1250
1350
1042
2491
1792
1223
1340
1020
2466
1767
1212
1306
994
2425
1764
1188
1239
949
2422
1760
1177
1208
938
2358
1758
1148
1191
937
2332
1756
1146
1172
886
2327
1751
1126
1150
866
2317
1734
1124
1103
848
2281
1721
1118
1062
751
2210
1708
1079
1058
742
2178
1706
1052
1057
730
2118
1703
1037
1051
719
2110
1696
1029
1030
697
2094
1682
996
993
683
2074
1678
982
970
649
2072
1662
893
946
592
2044
1659
846
909
578
2042
1658
833
904
560
1990
1656
828
867
546
1968
1618
818
854
545
1967
1540
800
785
540
1959
1532
799
770
461
1946
1523
788
766
457
1936
1481
750
749
443
1926
1470
745
722
413
1922
1465
743
718
403
1901
1443
733
696
392
1885
1401
732
684
378
1824
1363
727
667
366
1819
1355
726
664
257
1803
1351
685
646
175
1786
1309
668
644
168
1776
1304
639
630
164
1771
1291
606
601
134
1748
1274
596
598
114
1715
1221
544
586
102
1664
1213
542
585
98
1655
1211
538
557
94
1647
1194
534
552
70
1628
1189
487
483
38
1624
1186
475
455
2430
1613
1180
426
380
2408
1610
1174
414
364
2374
1609
1087
411
327
2354
1608
1083
388
303
2348
1605
1078
384
238
2346
1604
1049
371
233
2344
1588
1043
350
148
2335
1579
1001
347
147
2251
1578
999
346
133
2236
1565
987
278
109
2235
1486
983
264
107
2188
1479
962
263
56
2170
1445
960
255
45
2088
1442
953
251
42
2075
1432
945
242
22
2045
1397
910
229
11
1980
1382
883
225
5
1979
1365
877
199
2441
1977
1361
876
189
2412
1899
1313
874
182
2405
1872
1298
855
151
2400
1856
1295
847
146
2363
1852
1272
845
145
2360
1831
1231
836
139
2340
1788
1230
835
138
2339
1765
1205
810
119
2326
1737
1202
780
90
2314
1729
1200
774
84
2285
1695
1171
773
76
2269
1672
1170
768
66
2258
1650
1158
761
63
2248
1649
1152
744
57
2229
1637
1149
691
55
2227
1632
1133
690
49
2206
1626
1120
670
46
2187
1616
1093
663
34
2184
1563
1086
597
23
2125
1520
1072
580
2
2089
1499
1061
573
1
2060
1395
1048
537
0
2029
1394
1000
514
2496
2003
1373
984
503
2473
1999
1369
965
470
2448
1938
1343
943
460
2444
1923
1331
942
452
2436
1874
1326
939
427
2434
1836
1321
913
415
2423
1802
1275
898
407
2366
1790
1245
819
373
2337
1787
1244
801
365
2318
1779
1242
782
338
2306
1761
1240
771
316
2277
1742
1229
765
313
2270
1676
1121
724
294
2254
1675
1106
716
281
2244
1634
1105
692
271
2239
1513
1081
641
247
2226
1441
1080
609
237
2223
1426
1040
575
235
2222
1403
1033
568
234
2212
1398
1026
541
204
2201
1389
997
527
192
2196
1384
986
512
186
2169
1380
977
509
179
2163
1378
947
497
178
2112
1368
926
434
162
2054
1357
915
431
135
2052
1329
911
422
127
2023
1315
902
409
112
2021
1302
885
367
106
1997
1290
884
353
103
1984
1282
873
332
99
1966
1267
841
330
96
1931
1247
822
317
93
1918
1185
821
311
80
1910
1178
764
289
10
1895
1107
721
277
2493
1893
1096
714
276
2482
1887
1092
713
198
2455
1800
1089
659
197
2437
1702
1075
645
131
2414
1694
1063
629
130
2376
1663
1047
626
116
2297
1651
1005
605
100
2289
1642
978
513
72
2175
1620
969
505
64
2148
1597
941
458
60
2142
1562
940
454
50
2107
1561
930
376
44
2096
1551
923
354
37
2066
1543
921
349
32
2064
1537
918
342
2429
2038
1530
916
334
2410
2033
1525
868
228
2370
2027
1511
863
211
2292
2008
1484
825
205
2275
2004
1482
767
201
2245
2001
1469
754
194
2186
1974
1423
752
166
2166
1869
1358
720
141
2136
1865
1347
715
28
2122
1825
1339
634
2475
2111
1817
1338
613
2443
2106
1811
1333
553
2428
2101
1810
1328
549
2384
2068
1808
1324
536
2371
2067
1770
1320
520
2365
2019
1757
1293
511
2341
2011
1752
1285
498
2192
2009
1727
1284
489
2172
2005
1719
1264
486
2079
1952
1718
1260
463
2063
1928
1717
1241
447
2048
1902
1680
1227
439
2026
1842
1633
1220
437
2002
1815
1601
1219
420
1981
1804
1568
1196
391
1969
1798
1556
1187
386
1937
1773
1552
1184
331
1921
1739
1531
1154
314
1909
1725
1502
1138
288
1861
1709
1467
1113
280
1860
1643
1463
1056
258
1859
1638
1430
973
142
1843
1627
1420
961
132
1716
1596
1413
958
69
1707
1591
1402
935
54
1705
1571
1359
932
33
1699
1529
1335
924
2485
1698
1514
1310
870
2398
1652
1495
1289
862
2382
1639
1488
1269
858
2379
1603
1476
1251
824
2338
1584
1449
1228
823
2336
1569
1437
1224
811
2328
1539
1367
1214
809
2123
1507
1344
1199
802
2102
1503
1318
1192
786
2093
1453
1279
1173
783
2058
1374
1265
1163
735
1754
1257
1153
1144
734
1733
1209
1119
1068
700
1631
1204
1065
1059
680
1577
1201
1046
1045
673
1541
1179
1041
1019
666
1521
1169
1025
998
647
1412
1134
995
972
612
1346
1109
992
931
591
1292
1060
966
849
558
1268
1031
959
796
532
1183
1003
951
747
531
1166
956
912
725
506
1161
955
908
702
492
1143
903
864
699
451
1139
896
844
694
412
1090
838
688
672
383
1069
834
671
648
377
1023
806
654
631
344
1017
758
627
624
340
914
740
617
599
336
820
729
608
593
320
777
678
570
555
301
723
638
559
543
298
705
621
524
522
283
625
584
517
441
262
622
551
471
393
216
572
516
387
381
213
561
401
359
315
206
521
399
348
297
181
408
389
343
259
174
321
307
306
256
157
295
293
254
246
156
269
260
241
218
122
248
226
184
176
36
236
193
169
159
29
191
152
136
115
18
105
87
67
65
8
