1
102
121
288
376
2
168
201
471
548
38
195
214
586
618
173
221
297
632
686
174
233
401
706
879
252
283
481
823
890
269
303
771
837
1073
275
338
852
1060
1363
285
403
853
1084
1624
396
406
855
1185
1734
411
441
1074
1190
1750
414
487
1094
1231
1829
447
564
1108
1261
1931
468
574
1132
1406
2101
555
617
1225
1416
2179
598
713
1298
1661
2183
612
776
1386
1810
2247
651
781
1504
1849
2444
662
894
1665
1921
2301
704
943
1669
2096
794
731
951
1685
2242
1086
791
957
1696
2264
1816
797
1052
1708
2283
90
833
1096
1726
2322
363
848
1110
1747
2337
1720
887
1222
1920
2427
1765
988
1228
2019
2475
1007
1017
1282
2086
2407
1587
1045
1433
2166
645
2297
1078
1623
2214
2029
515
1129
1677
2215
1115
1206
1152
1788
2220
2284
4
1214
1821
2237
655
5
1274
1826
2238
2426
9
1330
1934
2270
1628
28
1382
1935
2276
1574
33
1385
1951
2397
7
34
1413
1991
2435
1227
41
1449
2057
2497
672
45
1469
2141
995
1324
47
1502
2184
822
1464
61
1524
2189
82
1842
73
1571
2233
1843
1684
76
1608
2360
2344
624
78
1724
2432
2291
1455
80
1731
2437
105
0
89
1739
2480
1985
8
97
1899
1837
1482
12
99
1932
2098
258
21
104
2012
457
1009
24
106
2046
153
138
35
117
2095
1473
1962
36
127
2156
1279
2474
37
128
2160
166
1856
42
132
2165
899
1611
52
141
2172
2317
1480
57
145
2202
765
525
63
155
2350
2330
1672
71
160
2364
1064
1295
75
163
2384
1998
774
77
169
2401
2119
1772
79
184
2414
993
2316
86
185
2441
1114
2319
101
189
2457
2222
2252
111
192
868
2328
10
116
193
1742
966
14
118
200
1796
1337
23
129
203
1435
1725
27
136
205
2227
68
39
143
215
1960
2248
40
156
216
1542
1248
46
162
217
2343
6
48
172
218
2411
15
50
175
223
1336
16
53
176
224
1404
19
55
178
229
1440
20
59
180
232
387
25
62
198
243
928
26
64
202
245
1532
44
66
227
256
1691
49
74
231
274
18
51
81
244
278
700
56
83
246
284
681
58
85
248
299
2300
67
92
249
310
2034
70
108
277
314
1057
72
109
279
315
2321
84
115
290
333
1657
87
130
296
336
1838
91
134
311
337
1650
93
137
316
342
2307
98
140
317
346
896
103
142
319
351
1527
107
146
320
366
3
114
148
323
367
11
119
157
327
368
13
120
161
332
383
17
122
171
348
385
22
123
183
353
394
29
124
190
355
395
30
125
197
359
404
31
126
206
360
409
32
133
210
362
410
43
135
213
371
425
54
139
219
377
430
60
149
222
378
435
65
150
228
379
438
69
152
230
381
443
88
154
238
386
449
94
159
250
388
451
95
164
259
391
461
96
167
261
419
462
100
179
270
422
464
110
181
282
429
466
112
186
291
432
480
113
191
294
434
488
131
208
298
437
490
144
209
300
439
492
147
211
304
440
504
151
220
306
445
513
158
226
307
454
520
165
235
309
458
523
170
236
321
469
533
177
237
322
470
538
182
239
329
473
542
187
240
334
475
543
188
241
344
485
544
194
242
349
491
546
196
247
352
496
547
199
253
356
499
551
204
257
361
500
552
207
260
372
508
554
212
264
380
510
559
225
265
382
514
565
234
266
390
518
569
251
267
393
522
571
254
268
397
524
579
255
272
399
540
583
262
280
400
557
589
263
281
402
568
596
271
287
405
573
607
273
302
418
575
619
276
305
420
578
622
286
313
421
585
626
289
325
433
588
627
292
340
436
590
628
293
341
448
592
631
295
354
450
593
634
301
358
459
594
639
308
364
467
601
643
312
365
472
605
644
318
369
476
610
646
324
374
477
616
656
326
384
479
620
660
328
392
482
633
663
330
398
494
637
664
331
407
495
638
665
335
408
497
640
669
339
413
498
647
682
343
416
509
649
695
345
417
511
650
698
347
423
512
657
701
350
424
517
671
703
357
444
536
675
715
370
446
537
680
716
373
452
545
685
718
375
455
550
690
719
389
456
556
691
720
412
465
560
699
721
415
483
561
708
723
426
484
572
726
727
427
489
581
728
729
428
493
584
730
733
431
501
591
735
739
442
502
595
738
742
453
505
597
741
747
460
519
600
743
748
463
521
604
745
750
474
528
606
746
752
478
534
608
753
755
486
535
609
759
768
503
541
613
762
775
506
566
614
763
782
507
576
615
764
790
516
577
621
767
802
526
582
625
770
806
527
587
636
772
808
529
623
652
777
817
530
629
658
779
820
531
641
659
792
834
532
642
661
795
838
539
666
668
801
844
549
670
676
804
849
553
673
677
812
856
558
674
678
819
858
562
683
687
829
866
563
684
688
845
871
567
689
697
847
875
570
702
705
850
877
580
707
709
862
880
599
710
711
863
881
602
722
725
878
883
603
732
736
882
885
611
734
737
884
893
630
751
756
895
898
635
754
757
903
908
648
761
778
907
909
653
766
783
915
922
654
769
784
926
933
667
785
786
931
935
679
787
793
932
937
692
789
803
938
948
693
796
805
940
949
694
800
810
944
950
696
807
811
947
953
712
816
821
952
956
714
818
830
963
969
717
825
840
970
981
724
826
842
972
997
740
827
843
973
1000
744
832
857
974
1001
749
839
864
976
1003
758
846
869
977
1023
760
851
870
991
1028
773
854
872
992
1029
780
861
874
994
1030
788
876
888
1004
1034
798
886
901
1018
1041
799
897
904
1019
1044
809
902
906
1022
1047
813
905
914
1027
1050
814
910
916
1042
1055
815
917
919
1046
1065
824
918
923
1051
1069
828
920
927
1056
1070
831
924
930
1058
1071
835
929
934
1068
1100
836
936
942
1076
1102
841
939
954
1081
1104
859
941
958
1082
1107
860
945
975
1085
1118
865
955
979
1087
1130
867
959
980
1090
1139
873
960
982
1097
1144
889
961
989
1101
1145
891
962
998
1106
1149
892
964
1025
1117
1157
900
965
1031
1119
1166
911
967
1032
1120
1177
912
971
1036
1124
1179
913
978
1043
1127
1182
921
984
1054
1128
1192
925
986
1061
1141
1202
946
996
1062
1161
1203
968
1006
1072
1164
1210
983
1008
1077
1165
1217
985
1011
1079
1167
1229
987
1014
1083
1170
1234
990
1015
1095
1172
1237
999
1020
1116
1174
1239
1002
1024
1122
1178
1242
1005
1026
1123
1183
1245
1010
1037
1133
1187
1249
1012
1038
1134
1189
1250
1013
1048
1140
1193
1255
1016
1066
1142
1194
1260
1021
1075
1147
1199
1263
1033
1080
1148
1204
1269
1035
1089
1150
1212
1270
1039
1092
1158
1215
1271
1040
1093
1168
1226
1280
1049
1098
1175
1230
1285
1053
1103
1176
1233
1288
1059
1105
1188
1235
1300
1063
1109
1195
1241
1301
1067
1111
1200
1251
1309
1088
1113
1208
1268
1310
1091
1126
1221
1272
1315
1099
1131
1236
1276
1316
1112
1135
1238
1278
1318
1121
1137
1240
1281
1322
1125
1146
1243
1286
1325
1136
1151
1253
1287
1334
1138
1155
1254
1289
1339
1143
1160
1275
1290
1340
1153
1162
1292
1294
1341
1154
1163
1302
1305
1343
1156
1171
1304
1306
1346
1159
1186
1307
1314
1352
1169
1196
1312
1321
1383
1173
1197
1313
1327
1389
1180
1216
1329
1332
1392
1181
1218
1333
1335
1393
1184
1219
1338
1347
1408
1191
1220
1345
1351
1409
1198
1223
1350
1354
1421
1201
1224
1355
1358
1429
1205
1232
1360
1361
1431
1207
1252
1362
1369
1442
1209
1258
1364
1374
1443
1211
1259
1366
1391
1445
1213
1266
1368
1400
1450
1244
1267
1375
1401
1454
1246
1284
1377
1411
1466
1247
1291
1390
1412
1479
1256
1296
1397
1417
1481
1257
1299
1422
1437
1483
1262
1308
1423
1441
1485
1264
1317
1425
1448
1486
1265
1319
1426
1453
1498
1273
1320
1434
1458
1511
1277
1326
1436
1459
1513
1283
1331
1439
1462
1518
1293
1344
1447
1463
1522
1297
1349
1452
1465
1534
1303
1353
1456
1467
1539
1311
1356
1460
1468
1544
1323
1357
1470
1472
1545
1328
1367
1471
1501
1550
1342
1370
1475
1503
1552
1348
1371
1477
1508
1553
1359
1372
1478
1509
1555
1365
1376
1487
1510
1556
1373
1380
1490
1512
1557
1378
1381
1491
1514
1560
1379
1384
1492
1515
1563
1387
1396
1493
1528
1564
1388
1398
1494
1529
1566
1394
1399
1505
1537
1567
1395
1414
1516
1538
1575
1402
1415
1520
1540
1585
1403
1418
1523
1541
1590
1405
1419
1526
1543
1594
1407
1420
1535
1547
1599
1410
1424
1548
1549
1600
1427
1428
1551
1559
1606
1430
1438
1561
1565
1613
1432
1451
1562
1576
1625
1444
1461
1568
1577
1627
1446
1484
1570
1578
1630
1457
1495
1579
1581
1631
1474
1496
1582
1593
1632
1476
1519
1583
1597
1637
1488
1525
1584
1598
1641
1489
1530
1589
1601
1654
1497
1536
1595
1602
1656
1499
1554
1603
1607
1658
1500
1569
1605
1618
1662
1506
1572
1612
1622
1664
1507
1588
1614
1635
1666
1517
1591
1619
1636
1668
1521
1609
1626
1638
1674
1531
1620
1629
1640
1675
1533
1621
1633
1643
1682
1546
1634
1639
1659
1683
1558
1642
1648
1660
1686
1573
1646
1652
1678
1689
1580
1647
1667
1679
1693
1586
1649
1670
1694
1695
1592
1651
1698
1699
1713
1596
1663
1700
1705
1716
1604
1671
1702
1709
1721
1610
1673
1706
1710
1729
1615
1676
1707
1714
1730
1616
1680
1711
1723
1746
1617
1690
1718
1738
1753
1644
1692
1719
1745
1775
1645
1703
1732
1748
1776
1653
1704
1754
1757
1779
1655
1727
1755
1759
1782
1681
1728
1758
1760
1783
1687
1733
1762
1768
1787
1688
1735
1763
1769
1791
1697
1740
1770
1777
1794
1701
1743
1774
1781
1799
1712
1749
1778
1793
1800
1715
1751
1785
1797
1801
1717
1766
1789
1802
1805
1722
1767
1790
1804
1813
1736
1771
1792
1808
1817
1737
1780
1798
1809
1819
1741
1786
1806
1815
1824
1744
1795
1812
1820
1831
1752
1803
1823
1830
1833
1756
1811
1827
1836
1844
1761
1818
1832
1839
1855
1764
1828
1835
1853
1858
1773
1834
1846
1860
1865
1784
1840
1848
1861
1870
1807
1850
1851
1867
1885
1814
1852
1854
1884
1886
1822
1859
1873
1887
1888
1825
1862
1875
1889
1893
1841
1872
1878
1890
1894
1845
1874
1882
1896
1907
1847
1877
1883
1902
1910
1857
1880
1892
1912
1917
1863
1891
1904
1913
1919
1864
1900
1906
1914
1930
1866
1901
1916
1924
1933
1868
1903
1918
1929
1942
1869
1909
1923
1938
1948
1871
1915
1925
1939
1949
1876
1922
1926
1945
1958
1879
1927
1928
1947
1964
1881
1941
1950
1955
1965
1895
1943
1953
1956
1975
1897
1946
1957
1959
1977
1898
1966
1968
1969
1981
1905
1970
1971
1987
2002
1908
1972
1979
1990
2005
1911
1976
1983
1992
2022
1936
1980
1986
2000
2031
1937
1988
1994
2004
2039
1940
1989
1997
2006
2050
1944
1993
1999
2008
2052
1952
1995
2001
2010
2056
1954
1996
2013
2014
2077
1961
2007
2015
2017
2082
1963
2009
2016
2026
2093
1967
2011
2023
2028
2099
1973
2018
2027
2033
2100
1974
2020
2036
2044
2103
1978
2021
2037
2045
2109
1982
2025
2038
2048
2111
1984
2030
2041
2051
2113
2003
2035
2042
2054
2118
2024
2047
2049
2055
2120
2032
2053
2058
2075
2125
2040
2060
2062
2085
2126
2043
2064
2069
2115
2127
2059
2066
2070
2122
2130
2061
2068
2072
2131
2135
2063
2071
2081
2132
2137
2065
2073
2084
2134
2140
2067
2074
2089
2147
2150
2076
2078
2090
2148
2152
2079
2080
2094
2153
2154
2083
2087
2104
2161
2162
2088
2092
2106
2171
2173
2091
2097
2107
2174
2177
2102
2112
2114
2180
2186
2105
2116
2121
2181
2187
2108
2117
2124
2190
2194
2110
2123
2129
2193
2219
2128
2138
2144
2195
2224
2133
2145
2146
2196
2226
2136
2149
2151
2209
2243
2139
2155
2157
2216
2246
2142
2159
2163
2217
2250
2143
2169
2176
2221
2255
2158
2175
2201
2223
2261
2164
2178
2205
2225
2265
2167
2185
2206
2229
2268
2168
2191
2211
2234
2269
2170
2192
2212
2236
2278
2182
2197
2213
2254
2285
2188
2208
2218
2257
2287
2198
2228
2230
2258
2290
2199
2231
2240
2260
2292
2200
2241
2245
2266
2295
2203
2249
2259
2267
2299
2204
2262
2272
2280
2302
2207
2263
2273
2282
2306
2210
2271
2281
2296
2308
2232
2275
2286
2304
2315
2235
2277
2288
2313
2331
2239
2289
2294
2320
2345
2244
2298
2303
2323
2347
2251
2305
2309
2327
2357
2253
2310
2311
2335
2362
2256
2318
2325
2340
2366
2274
2326
2332
2351
2370
2279
2329
2334
2353
2372
2293
2333
2336
2367
2378
2312
2338
2346
2371
2379
2314
2339
2348
2373
2380
2324
2354
2358
2375
2388
2341
2361
2363
2377
2391
2342
2369
2392
2394
2395
2349
2374
2396
2398
2399
2352
2376
2400
2403
2406
2355
2383
2405
2409
2415
2356
2386
2412
2413
2417
2359
2390
2419
2420
2421
2365
2404
2422
2424
2429
2368
2410
2423
2425
2430
2381
2418
2431
2434
2438
2382
2433
2436
2442
2449
2385
2439
2443
2445
2456
2387
2440
2446
2454
2460
2389
2447
2451
2455
2464
2393
2448
2458
2459
2466
2402
2450
2462
2467
2473
2408
2452
2463
2469
2478
2416
2453
2465
2470
2482
2428
2461
2472
2481
2485
2468
2476
2477
2483
2493
2471
2479
2484
2487
2494
2486
2488
2489
2492
2496
2490
2491
2495
2498
2499
