512
74
765
1476
623
1701
1825
766
1918
1323
2106
1392
349
611
714
2245
2309
533
160
1034
1877
246
1688
948
1525
406
2345
2485
1742
1008
1939
1815
2024
1108
1715
1313
333
2402
1190
2339
384
2365
417
606
1221
1312
612
1035
1610
2430
2275
2172
2190
888
626
94
2177
2418
800
1014
1400
441
648
1889
2352
1292
2176
1723
1528
1490
442
2073
461
1600
1951
1804
266
1461
1671
987
580
1760
1252
2334
668
1348
934
1821
1856
267
249
439
1030
2117
1433
514
1958
195
704
1158
1148
1422
64
1545
1143
1024
250
2214
1543
604
1232
2122
683
985
170
1007
915
763
2381
2128
1346
414
1412
1511
1636
1776
1947
1434
109
1289
2019
2410
827
2276
1359
627
1454
1576
2388
862
388
2300
806
413
592
2213
1175
691
1380
810
791
348
680
493
2187
778
638
2271
2362
302
2357
301
1134
905
50
91
1408
2411
947
2220
1908
831
1155
1614
2298
2152
848
1203
81
859
2080
983
940
273
338
2436
500
1125
22
448
511
2397
1168
1602
1875
720
1288
621
300
326
2494
928
1843
430
1166
1238
450
2032
1285
468
2036
1018
925
243
1460
1645
187
2441
1046
1458
424
1428
736
1013
901
95
118
466
2182
1985
1741
998
574
44
957
2264
851
1710
177
1291
1627
198
385
1778
1316
473
478
247
543
101
475
518
1223
1737
515
2047
151
1794
24
909
2030
201
2398
1206
585
568
2294
1912
1501
2490
1181
1164
1834
144
1094
321
700
2371
1144
2307
361
14
2443
1350
1869
2006
1961
328
2308
2029
926
723
350
703
829
1920
1142
739
811
264
2314
1015
1159
399
2399
96
1605
1542
2392
695
2346
2001
1212
1797
1042
2157
846
403
2227
1336
1713
633
21
1083
1273
603
1138
1809
2167
865
912
1150
2234
1982
1481
1858
2446
1368
1334
477
657
1931
632
1339
1183
692
2065
1981
167
2463
149
1464
1063
1393
1377
2044
1770
2283
1118
1234
52
1630
1366
418
1472
1564
28
1100
2188
1418
2322
655
1297
650
2184
245
850
710
113
147
1133
1780
1670
698
1059
2354
2380
1872
2310
1577
605
1750
317
2
1893
1208
2464
2461
1328
2332
1654
1861
2431
2010
1584
1427
882
2439
2079
1539
1253
495
2146
2132
1558
624
2219
1641
212
288
1025
1552
1824
2408
1058
802
47
840
123
1876
1010
1354
409
55
1657
1722
747
112
1612
1709
1117
2378
1489
2373
783
717
1192
1734
1115
1201
1302
2442
279
1437
2335
2476
1862
1207
314
2279
2141
156
729
759
2375
997
1039
672
2460
1774
1474
2210
142
573
1051
1104
2304
1343
1362
2048
1287
2235
2321
1563
1267
1739
241
1
2222
1793
1771
980
2327
1990
1361
1775
586
774
1026
1112
2071
464
293
1002
2115
217
1975
1493
2049
708
549
311
2121
1057
2109
2454
2405
2340
364
1692
1483
231
554
2438
1453
2417
1258
370
363
272
954
2103
1624
222
670
1492
2023
2164
1807
2014
2025
2077
1277
1906
309
2426
839
1781
1806
1414
1420
196
1402
794
828
1665
529
825
1561
1000
1389
1800
1575
1442
1590
494
594
469
433
696
733
2002
496
892
951
207
1957
663
291
1044
221
454
1436
1331
2027
451
1375
2150
2453
1810
1831
2083
883
1259
98
1325
1502
1702
2171
728
1597
39
645
1004
553
1827
1067
1394
734
262
1963
1993
2257
2243
841
1733
1503
914
2209
2259
977
455
664
896
1895
1573
1655
1830
173
1129
857
598
1905
499
587
1706
490
721
735
1484
1732
1230
1633
644
1205
1272
887
1023
576
104
2376
2467
2459
18
1509
165
72
1762
2447
2139
2088
1747
2475
134
872
556
1964
1132
724
304
1699
341
1153
1639
0
535
818
646
2406
1033
1320
2062
2134
2113
751
166
1725
20
391
768
995
1261
1917
532
131
1043
904
1859
555
3
1977
421
2301
1562
784
2349
1177
411
762
1178
2040
1471
1102
2089
339
801
1485
2119
29
805
1527
179
2138
1119
787
949
1898
1364
823
929
203
1113
1352
434
2110
2000
1016
2069
796
447
936
927
2155
1324
51
697
1882
402
2315
1335
2387
111
1970
2126
688
2230
1604
564
2099
227
2382
479
917
1068
1833
2364
1017
1170
467
1538
318
1930
1646
1816
232
1210
2142
210
1243
182
2492
229
5
1592
2092
910
2193
981
1326
1755
289
1753
2082
155
257
172
2107
1910
1909
890
1570
1351
809
539
1444
2043
748
498
745
137
1828
2250
387
1746
1432
1832
1785
1514
674
1127
2035
2180
878
1849
519
994
1848
2007
1506
1952
1845
1371
41
158
1598
1405
528
1373
2013
563
795
932
1239
517
705
1072
1763
1700
608
1555
779
2215
1581
1146
108
1162
1900
1465
2131
593
1635
107
526
2415
2005
343
1560
2039
790
2278
2328
628
85
1675
1062
666
1172
1852
1139
416
1176
524
1353
1987
2229
2437
145
2391
671
2293
2053
105
2396
2451
1703
251
162
871
669
1491
242
1768
169
945
537
740
2114
2033
792
824
1996
1759
1819
1795
1594
1116
639
1076
676
36
100
1695
1902
870
1948
713
1674
732
1097
2004
2493
2232
858
220
1251
814
372
1360
1268
444
1606
1946
557
1850
2207
2072
755
899
1066
2074
2260
2377
1817
1574
2331
1761
1487
2401
842
665
1997
881
2383
2343
1241
1114
263
867
1270
271
432
75
1705
2158
1169
662
1508
2175
57
2178
11
2457
1660
2145
990
386
699
617
1462
693
1469
2123
579
285
877
1973
2356
2419
679
1507
1301
1694
1512
270
1093
1863
893
682
907
1820
1995
1318
1891
2038
1757
946
1029
408
260
2068
1580
510
2208
295
225
686
1001
636
1398
2140
77
2061
2266
873
122
1274
476
776
999
1189
2386
1459
1049
847
484
392
898
54
540
154
159
2205
2484
1945
367
114
1880
677
1092
834
1404
1179
330
2450
771
465
116
1983
2087
1589
863
2389
566
106
687
194
2458
1609
268
942
1650
480
378
770
92
97
192
2287
1711
2076
903
191
921
1618
1765
1887
1620
1171
193
1271
1397
1652
1349
449
2130
252
1224
83
1790
807
2221
582
1040
335
428
230
1559
1550
1689
377
1174
332
1390
1829
1185
312
1286
1123
938
2070
1857
1369
2318
157
1314
340
1494
2256
1505
613
1357
1986
351
861
970
1599
1266
1735
1280
1714
2102
855
9
1263
1933
2270
1122
316
1256
1196
1767
1124
2306
516
545
308
1396
1121
1687
1022
2473
2003
1446
1504
1583
503
197
1881
185
1691
1835
1978
2267
395
2273
853
1684
2292
1998
1944
1697
767
2316
654
470
1548
261
80
1999
1867
1407
1126
1298
2105
1165
1680
919
1281
1642
1317
2120
1923
313
786
425
941
1884
286
2414
2422
757
640
738
1840
924
115
152
1521
581
1554
2169
1789
2435
1632
561
2009
2366
815
125
1643
1623
908
356
1047
1200
1962
382
1449
1486
1089
1787
1448
2497
276
215
1367
1341
2253
1972
1622
2312
1443
1216
913
1228
1202
393
1079
1822
423
1582
2031
1009
126
188
1194
1919
875
741
1101
1784
17
2021
1430
501
600
38
2143
821
544
1518
2319
1812
1233
153
1421
952
2133
1890
1226
1416
2183
812
186
298
2263
577
336
609
1005
1229
2100
1663
202
629
26
1607
89
1728
7
128
583
884
1634
1240
132
1749
1683
292
253
2084
596
208
1608
190
2249
2299
438
1838
322
1295
754
615
2085
1928
531
56
1020
1517
969
1748
2160
1628
1921
2282
88
1803
181
2059
121
1105
1480
1344
607
1886
2161
2348
2149
2302
2153
1904
2421
845
1053
960
110
1718
1231
275
1254
305
1077
2452
1319
19
353
1282
1470
2355
136
204
1727
205
2012
1052
1969
538
2125
69
219
209
1826
436
1384
2344
1075
1955
1743
793
277
1163
1569
12
1738
1050
1510
1329
2303
2192
299
2028
412
931
992
1028
1745
1979
1873
681
769
1479
62
2311
1752
352
161
254
2325
1865
2185
758
2413
296
1808
1974
900
1866
1601
1209
1661
2471
1519
631
1294
1696
1214
33
2179
789
1103
1698
955
570
1611
1783
1894
502
171
1197
1332
2186
1387
1372
357
237
401
1572
200
239
1950
347
993
2166
1455
2078
453
1237
548
2363
146
2403
70
1965
1529
141
1677
781
2201
53
1621
2499
1631
1989
2237
1805
76
2067
715
66
588
2206
443
667
25
1085
1653
569
10
753
964
481
1413
2016
2400
1791
1613
984
866
833
1587
485
803
1257
2262
120
429
1338
184
819
218
407
1649
2320
558
224
504
1160
278
902
2347
2064
1932
2231
830
102
1571
986
1953
965
595
1585
143
410
2324
1668
2058
1187
1956
2094
1500
226
1391
547
1107
973
176
813
2385
2211
1798
1315
435
930
772
1766
1247
962
404
1568
1096
1006
1475
1120
2127
1036
2333
1275
1082
521
2351
2272
2052
1644
2199
1731
87
1922
1219
559
1899
974
618
1578
2393
281
4
1409
2481
419
743
978
1161
1913
1724
1756
2198
749
1523
1468
647
1130
718
1246
1098
1137
2472
2384
1513
523
457
1540
2470
491
119
59
836
2093
376
906
1086
1450
1546
661
2487
1227
2165
2054
398
15
1236
1799
886
826
483
1032
168
1021
255
213
916
1173
572
1184
2170
1777
60
1647
1293
2291
400
1914
394
1669
2226
2468
1088
709
1260
306
2034
2280
1365
342
849
1151
1457
2342
1744
571
804
1345
86
365
1426
1903
2026
1379
2116
1306
1591
975
506
991
785
1080
1147
390
1087
1533
590
32
744
214
659
2108
614
2168
584
1712
2095
2156
73
2434
1535
2244
760
2289
486
1074
366
1106
988
652
643
235
471
1321
79
452
396
1406
405
2197
1984
961
2104
127
1417
552
599
2456
610
2483
1411
1566
864
1154
1617
2285
1854
23
658
1095
895
1927
1056
1864
2353
1911
2329
1199
2374
1868
368
2341
944
2428
1055
782
1383
323
2379
1855
711
1378
325
525
722
2474
2066
1836
420
2045
2482
287
1896
1788
2112
2359
2137
13
359
1381
472
968
2196
2194
2191
236
856
1310
1211
1429
966
93
2313
1616
1463
2330
2147
355
2159
1751
761
1823
1145
1419
2239
1588
832
2218
1128
513
2412
1477
1347
1811
422
1954
1415
894
2424
958
1304
497
1541
462
922
752
1980
2174
1586
963
2246
1111
178
2449
1276
689
967
2098
1818
989
1708
2369
1423
1792
459
816
756
1672
1488
360
874
1435
189
808
2063
1003
1772
1567
1327
1847
2281
2478
258
358
575
379
2367
565
2203
1225
1676
2423
2350
1549
199
879
31
706
45
972
622
1299
139
2248
1084
2056
2200
1658
843
979
284
541
2189
174
337
2057
1526
1579
780
1217
1149
1719
1305
1638
1222
1296
2469
1878
1736
536
1264
619
1531
34
1204
244
1399
48
2129
1988
2020
551
2162
649
1386
837
487
1410
1250
327
489
788
1157
844
2416
1682
40
707
1283
2284
1769
918
1941
1853
1395
876
897
562
164
1536
1215
1925
331
1071
1924
560
1337
1938
35
597
362
206
1019
16
2444
2216
2496
2151
637
345
290
124
1685
2251
1284
860
1659
426
937
240
1447
1498
6
923
1265
2288
1897
2008
1551
2455
2051
223
1069
463
1662
482
324
1846
1027
943
2236
2022
183
1934
1544
1363
1530
1664
1892
65
1966
1218
1615
2491
2409
1482
2225
1648
1131
1860
2247
520
601
1813
1679
90
1871
2338
746
283
2015
1557
1467
835
49
1726
1213
1673
2195
656
725
750
1637
1532
1651
1764
1356
1441
507
1342
1937
42
2268
2163
1802
634
1045
1140
530
2420
2258
1967
1340
742
2274
2269
838
1971
641
616
959
716
953
140
2323
1779
1839
380
1220
2037
2081
1466
1244
719
2445
2224
1376
675
1515
727
1456
1959
1994
2238
1495
1382
817
2124
885
567
46
84
2202
591
2154
2495
1188
2096
238
1037
1516
30
1814
509
1968
1626
2368
133
1135
415
431
2101
869
1499
1842
1707
2173
1180
1537
1308
1290
889
1091
2097
2440
1720
2407
1245
440
303
1255
2372
63
1841
2228
1235
2255
319
488
307
2486
1078
78
282
2241
1309
1374
1524
315
1690
1478
2394
310
1403
2477
43
2261
1686
389
2479
602
2466
2233
1596
8
726
1279
427
911
1837
2427
1152
1851
1054
1355
852
1262
1716
1431
1388
2480
1424
103
1041
280
2370
1782
1773
1307
1935
589
1186
797
920
527
1065
642
150
1656
1522
1942
67
2018
135
2111
630
1929
2242
1629
1888
248
344
320
1940
1048
550
625
971
1693
1879
2181
129
773
684
1073
1136
620
1729
1547
460
730
2144
2017
2265
2240
138
274
259
1370
775
522
233
933
1901
2358
294
1303
458
2337
1907
2390
2317
1915
2297
731
228
2429
1012
1445
635
1936
1110
456
1786
1678
1099
2286
1011
982
660
474
2404
2432
1322
935
256
2042
798
1496
148
2041
868
1195
1269
1991
58
1038
1061
542
2360
2135
694
1666
375
2489
891
880
334
2295
2136
492
1801
1667
2046
2448
1156
2075
369
996
1625
211
1300
1593
265
1031
371
950
1534
446
1473
1060
685
737
1943
2305
2290
37
383
1425
673
1883
1796
505
1949
2204
1438
163
381
1141
1191
2488
1109
1758
712
1740
701
1249
1553
1439
2091
764
1603
2060
508
1248
976
1193
1885
1960
397
678
99
437
2212
2296
2011
1754
2277
2326
269
1198
1874
1451
1070
1926
578
2361
1844
216
2465
1556
2086
1311
1681
2498
1916
854
1242
346
820
546
653
1440
2118
27
175
1640
354
130
1081
1992
534
2395
82
822
2336
180
1064
690
2252
1330
2090
1167
2462
1520
297
445
1401
373
1333
1717
1870
1090
2148
329
939
1619
117
777
61
1565
1278
2254
799
1358
2223
956
1704
1721
234
702
71
1385
1730
1976
2055
1182
2217
2050
2433
2425
374
68
1497
651
1452
1595
