2477
392
1600
2336
696
1488
2044
1060
993
195
2253
400
2483
1893
1706
429
2070
840
2449
536
814
2152
2055
2359
2096
1923
805
1914
1105
600
182
2432
1303
1197
2121
1013
2072
2325
812
1694
513
1018
1076
1265
421
1443
872
2435
2214
2234
997
1986
100
37
2390
2401
1692
2106
548
1418
2395
2334
2110
35
831
49
1048
308
368
1800
1227
1636
2088
1401
2423
1640
1095
1448
765
1547
2333
1504
562
1068
1757
757
836
1312
104
1191
894
2181
386
239
1980
941
2458
225
800
1253
1861
1950
860
2348
705
1093
404
2028
1940
759
1194
2405
420
1559
155
528
2012
891
467
1723
1676
2240
1455
2344
1968
620
2497
2260
2062
183
284
1405
1284
117
1606
671
1925
1755
1189
1233
1993
1314
2241
361
1873
1264
2249
1742
967
2465
242
1273
1815
1818
2369
1080
471
1370
2376
490
1123
1981
1501
1542
1167
1112
1580
281
713
643
2353
1483
2114
1316
1492
1886
432
2166
786
2103
729
1908
319
1948
1268
895
8
1165
1458
6
275
2314
2422
856
298
68
565
492
1381
2135
718
1446
873
707
1215
350
323
1909
1487
499
751
1745
1331
2310
1365
1212
1594
2025
16
170
28
168
2454
540
1761
70
1341
1465
715
2215
328
388
1897
905
722
241
519
2392
157
2478
1334
1741
1156
1647
740
193
2496
1144
1164
1291
678
680
1231
697
2409
1246
2003
1304
1497
2199
33
2426
85
458
1169
674
1009
221
509
1250
1777
609
2071
916
181
1168
1082
1618
228
1539
97
1535
1920
2243
732
375
2259
1769
659
1318
369
461
2033
7
1988
742
154
608
1271
508
497
1744
230
599
772
2099
1724
1473
1576
1670
524
1793
378
2305
731
9
177
1101
1791
2018
313
695
926
1371
2080
1601
72
923
2053
1150
523
456
748
1020
2148
1422
1835
2456
796
396
1577
1190
2207
1456
2246
623
558
374
229
291
593
2170
252
1659
2258
1846
1649
908
408
2085
580
2448
2065
1829
656
763
190
2270
1990
83
954
1646
1049
197
648
2004
1575
642
2287
665
2381
688
1192
1218
764
1070
1693
201
1613
1416
2086
2474
919
2285
198
472
2128
827
687
1363
2436
1098
2347
1043
25
539
1255
1593
1935
1591
1084
2399
1782
2403
406
1107
460
2192
1383
1934
1277
194
2453
1035
1476
1469
50
1424
1480
2300
1276
1477
342
1515
1110
1054
2172
2493
534
1780
2006
845
1885
413
1982
2221
721
711
2254
46
254
1089
1553
2068
401
2111
1634
26
989
1654
1235
660
300
2319
1005
457
302
2294
673
1040
231
1328
1127
2419
1915
1196
1563
959
2092
2017
2283
2284
269
53
1015
2413
2113
1484
2190
1211
428
1680
1025
2265
1362
1610
1658
217
639
447
561
22
348
1091
494
1109
2363
293
2364
1996
1932
2346
1827
1241
2396
188
579
1462
2360
1544
1973
664
714
1796
1121
1229
2156
1900
2116
1338
1736
1819
1514
1772
2147
1404
1176
2499
1200
187
75
525
2264
1722
1519
32
405
2282
253
780
2416
1753
484
79
1470
1382
1340
1056
119
1779
407
419
1106
2455
947
1411
1178
87
2069
2252
1870
1623
2372
2210
1955
1540
1508
1146
1428
427
1656
334
955
222
1518
176
785
553
1403
963
112
1128
1339
69
1225
1859
289
483
1243
920
1133
1733
661
1136
2143
2078
612
1461
441
862
1561
381
1889
1984
160
1417
2286
234
1921
2163
2326
809
1513
641
1226
384
782
1248
54
669
938
99
2161
2302
1201
489
1674
1024
752
2049
1825
996
1622
151
1764
650
1963
2051
1954
1159
1433
2492
48
1813
1566
220
986
2446
976
2322
324
784
1295
2467
486
1776
1702
1220
913
1389
694
2019
1608
1026
1425
1892
2367
1019
385
305
2293
1715
1463
2032
1716
2189
2370
1187
1865
1172
999
638
824
2437
1139
563
1851
747
1607
414
418
2261
210
2415
2206
1801
299
2064
2462
807
607
611
730
468
2098
2385
2194
339
1132
863
1064
223
1911
1933
774
1848
2042
1872
1635
481
2146
4
2063
1261
710
1714
164
480
1596
798
31
1335
1569
1770
1115
2089
910
1627
3
2220
755
1896
2100
1738
981
1481
2498
1057
1421
1329
2345
1073
1467
2
1568
2087
1786
2275
1660
86
10
1207
1624
1457
1666
1270
56
1199
1645
753
983
1153
1890
632
754
333
244
2301
1537
1059
1788
1079
2056
1267
1626
1155
1684
336
1839
837
1386
1678
833
2212
1012
1158
1998
666
743
1337
1147
402
376
1126
55
2182
1874
219
1348
310
819
889
395
2276
1913
2371
1343
282
1471
2457
200
1119
2198
143
2183
841
685
2171
367
794
387
1442
383
279
243
629
98
2434
1832
470
454
1833
1322
2466
965
2201
1864
1104
295
2377
1747
120
417
1494
172
617
297
2317
842
1790
1743
546
557
677
835
91
211
359
2175
679
2090
1615
852
844
1860
1578
1256
159
2196
1826
346
60
1878
706
1625
2039
2216
818
1728
438
588
1038
2073
830
1387
937
1052
2105
309
306
1721
42
215
788
179
750
105
1278
20
867
1639
1011
1346
1482
2398
924
259
559
948
1078
890
2104
564
1204
630
1351
330
770
27
477
2095
1717
811
2323
1391
1031
258
1821
503
2008
2321
2093
633
1617
918
131
0
62
1642
2482
453
469
218
505
1516
1237
1534
1202
683
855
904
573
681
1088
464
271
1000
547
1748
1486
2130
2257
1560
1967
624
2230
1806
397
1447
950
1044
1644
2140
434
1296
2445
518
307
1877
478
76
445
884
67
1545
971
886
2015
1587
1767
984
2041
204
2341
1174
2054
1360
1929
1429
912
1803
2195
1292
2108
1672
1837
724
1971
970
439
500
462
153
78
2368
1683
30
940
662
2394
1581
2007
1978
987
364
1961
1435
1868
1332
349
1372
2384
2134
631
1804
1029
1691
5
495
1496
1962
2318
929
127
1388
590
1349
1664
2075
2204
1919
961
1099
1280
247
691
355
858
1699
1039
953
900
1384
2268
2002
1850
850
47
2278
1739
137
1810
365
591
1611
1330
15
520
1700
667
226
2184
292
1838
516
358
1731
1160
351
1310
332
945
675
199
877
238
1523
663
1114
203
769
1151
595
1946
1141
136
1240
2205
73
1657
2169
1758
2412
465
41
1912
781
1708
1366
88
2263
2145
2244
1453
1148
207
1305
1669
704
436
610
403
2217
846
2208
2179
51
2150
985
813
1046
2406
567
801
1937
2444
974
1181
972
2233
448
779
777
373
493
1183
1945
1906
2239
1083
145
1223
1556
1688
1016
992
2219
277
1985
2393
1520
864
2159
598
1017
496
45
949
1103
1679
1783
1854
1840
1987
1069
1977
294
2124
1916
2414
1887
316
1344
1368
213
549
268
128
2133
2142
544
2379
901
377
2484
2281
1163
566
761
1321
266
1347
1808
2442
233
1427
1847
594
902
1230
1604
1034
2176
839
1055
2225
2324
2355
1541
1775
1957
1582
2404
446
141
2024
1944
944
19
922
1891
2288
2421
118
2277
1061
1904
1327
768
2191
450
2439
205
1605
23
327
1862
101
1529
808
2365
703
431
1392
196
766
1966
2222
1122
647
1740
826
1309
337
1247
527
1414
1595
817
791
1979
2464
2304
2021
802
1131
973
866
2418
389
1570
1712
1685
1879
771
1941
1546
1681
1042
964
773
1252
372
1408
756
581
1549
2375
92
2177
1062
823
2209
1053
1820
640
1763
946
907
363
1361
1369
854
799
1574
1205
1399
1090
1485
702
737
1951
980
80
212
1633
883
1491
1696
2174
2118
1619
1675
1814
1007
1149
1841
2218
278
2154
1992
857
991
2279
1317
2242
186
147
1759
795
1811
1097
1407
596
1356
2193
52
1572
1495
2362
504
1436
425
1413
875
775
975
39
1008
1917
2350
2027
1208
2001
1797
1087
1490
1198
150
1704
725
686
871
616
2029
148
1066
1762
1004
1910
171
1299
356
476
1822
2132
1355
1499
1853
1182
723
320
96
410
2473
1117
735
1478
2050
636
433
1297
1750
1028
133
1353
1531
2037
2131
2009
2402
2479
2440
810
1364
95
1437
1260
2291
2168
1498
2211
1867
2470
1558
2178
2047
1899
1432
256
925
1953
250
670
1111
2048
1842
335
1398
708
90
589
2167
568
560
352
354
1506
1526
276
267
2226
1472
2490
475
790
1621
917
816
1907
2480
260
2397
797
2438
692
1926
977
2338
12
745
1071
1949
1653
739
1863
94
586
2349
911
362
38
1050
2014
1648
2441
224
1006
142
1357
1991
804
1023
535
122
138
906
2091
2388
1228
958
1263
2117
2122
569
257
2356
1219
1585
2052
459
1374
1171
412
885
1415
2295
2298
626
1665
1960
1100
1313
89
1805
2297
865
1503
1703
1154
1137
1289
338
2272
255
1901
272
2109
962
1952
232
1836
126
1924
146
2417
2250
1799
77
2040
719
443
2427
174
115
1085
1395
1638
321
2236
1394
582
2000
951
1631
1275
758
2245
1616
571
538
1817
733
1603
939
1689
1102
1474
2238
932
888
1532
583
288
2057
1175
227
628
1880
892
1179
1794
627
1258
184
29
1129
2280
109
716
2129
1288
1300
1866
2271
1831
1845
2378
592
1536
311
2476
1548
343
455
107
1592
411
672
2079
487
2097
1378
399
1719
1502
1999
451
382
896
1266
1936
1630
206
531
787
370
2227
960
943
2137
393
874
693
2296
345
2076
1798
2443
1142
2115
111
1134
603
2256
2102
331
1902
1785
899
2010
1997
315
2138
2331
881
1612
783
435
1974
1014
2332
1010
2391
1565
1894
84
1590
340
1410
876
123
474
1452
1771
803
2188
1641
66
1003
2335
1713
65
1522
2058
344
1533
1507
158
1766
1959
2162
1511
357
1882
2494
1969
285
1662
1262
167
1257
1214
2468
2164
501
34
2328
1686
1554
1449
649
1041
1928
1173
1732
1037
2329
1466
1094
914
615
2469
163
1439
1710
1543
969
537
1118
879
1307
116
1734
572
512
169
144
604
1157
1905
2382
1075
1
380
283
1058
2351
2043
1754
1809
1727
550
430
2352
625
1002
1323
2120
1213
1444
848
1445
57
1773
1130
1379
870
1239
532
2231
587
2094
1927
1931
2299
173
978
851
578
621
2489
1350
74
1792
1972
1244
2153
325
1161
185
1922
1583
165
473
1789
2112
1286
1751
1367
409
1551
514
651
2251
1033
576
2292
2011
1285
1528
789
606
124
1493
868
1319
1236
2066
1705
634
1598
2452
542
2036
1970
2366
762
552
2155
296
551
2389
1599
2082
2034
2358
1206
1677
1942
273
132
2339
1939
125
734
1671
208
390
1682
240
2013
1930
717
1177
746
1412
2308
570
1586
214
1358
2031
1045
1440
2450
2160
776
2386
726
2380
2274
13
1120
1567
1881
2383
1430
312
1290
1390
2420
1903
2023
1637
668
2400
1342
1509
2228
2463
2487
2311
2424
1067
806
1517
314
2022
1185
1036
935
1279
736
2433
113
825
2337
1113
1557
2141
249
322
415
712
2354
371
1242
1281
2026
360
887
1856
1725
2451
1464
1956
353
1294
1550
2459
1282
2330
1673
43
1824
1849
1209
2491
1737
449
2038
1170
1505
1434
2126
1735
614
2125
506
1781
2046
1380
1293
1687
1602
1994
689
849
2187
1552
1667
1306
2149
838
2045
21
2060
463
1720
270
440
1816
2447
1441
135
180
2165
555
2005
1162
1807
1844
988
652
1512
1964
1989
942
1324
897
2373
444
134
318
2460
602
1726
379
1760
822
2016
749
709
1217
2327
1373
262
511
936
248
129
236
416
982
209
843
2262
1730
110
1251
2320
1431
1711
287
2315
979
1352
934
1400
2343
1876
2316
341
2077
829
1396
2475
2224
161
847
1918
1525
2084
11
882
605
1995
1222
261
1500
2429
424
2289
1620
1573
530
994
391
613
102
1718
17
2074
1287
2200
2411
720
2374
1479
1858
2139
1564
290
2495
1096
878
2229
304
1752
178
510
1272
1354
1852
1958
1651
1326
1709
237
2407
24
1092
2431
2269
1756
1830
990
1143
2486
63
1074
921
927
1269
521
515
1232
1698
423
202
1063
699
1145
700
507
422
1086
1186
2471
1884
1001
1875
1072
1021
191
1216
778
61
2247
1188
1584
1022
767
162
1125
152
930
1234
2481
957
1375
1661
1274
644
2232
909
2461
1629
2158
1298
1774
2387
491
526
1081
1555
1259
1135
585
59
286
2235
676
577
1451
1385
1650
1333
741
1468
326
1308
1795
18
2035
1203
2123
1527
1628
452
1857
1690
2067
529
2342
2061
398
1301
952
2119
2081
701
1632
760
2173
40
1238
915
1283
682
1438
646
1489
93
690
931
619
1869
1195
859
1943
684
1802
597
545
1571
793
479
1609
149
1643
482
347
1426
1402
1589
1315
156
82
2186
898
1938
2306
658
235
301
303
498
1510
792
366
2083
1663
2185
1393
1768
108
1597
618
265
1027
1359
1397
44
1898
928
533
966
1311
635
106
1784
655
1695
2472
1450
502
828
2059
466
216
1475
2157
64
1376
853
1077
1707
2136
1420
426
1166
728
1588
968
1336
517
657
1180
1652
1812
2313
139
1655
1320
744
956
522
2030
1883
264
1614
1184
1975
36
103
820
1116
245
1032
442
541
861
1524
903
2202
274
1245
1051
998
2180
1460
654
1562
2213
2248
394
2312
575
556
246
1138
2101
1224
1221
58
1254
1778
2267
727
1976
1828
1823
2197
81
2425
653
2340
1521
166
1729
2223
1871
1423
1302
622
1983
1210
1047
189
1787
2144
554
1530
1834
2107
738
2273
130
1377
1579
2151
2361
1108
1765
2307
574
14
869
2408
1249
1193
1965
2303
832
880
2309
71
317
2357
1749
1855
2237
1701
121
1454
1895
2488
698
114
437
1065
2290
645
2266
192
2430
1459
893
329
933
1140
485
1409
1152
488
834
637
140
2020
2127
1947
1746
995
821
2203
1843
601
1697
1406
543
1345
1538
1419
1030
815
280
175
584
263
1124
2485
1668
2428
1325
251
1888
2410
2255
