8
65
67
87
105
18
115
136
152
191
29
159
169
193
236
36
176
184
226
248
122
218
241
260
269
156
246
254
293
295
157
256
306
307
321
174
259
343
389
408
181
297
348
399
521
206
315
359
401
561
213
381
387
516
572
216
393
471
551
622
262
441
517
584
625
283
522
524
621
705
298
543
559
638
723
301
555
570
678
777
320
593
608
729
820
336
599
617
740
914
340
624
627
758
1017
344
631
654
806
1023
377
648
671
834
1069
383
672
688
838
1090
412
694
844
896
1139
451
699
864
903
1143
492
702
908
955
1161
506
725
912
956
1166
531
747
951
1003
1183
532
796
959
1031
1268
558
849
966
1060
1292
591
931
992
1109
1346
612
972
995
1134
1412
647
998
1025
1169
1521
666
1019
1041
1179
1541
673
1045
1046
1201
1577
680
1059
1065
1204
1631
700
1068
1119
1209
1733
734
1144
1153
1257
1754
735
1163
1265
1374
2058
783
1173
1279
1453
2093
786
1192
1318
1503
2102
802
1199
1344
1507
2123
809
1214
1367
1539
2328
811
1224
1437
1569
2336
823
1228
1449
1584
2338
824
1251
1476
1603
2379
858
1269
1488
1639
2382
862
1289
1495
1652
2398
870
1310
1514
1698
2485
924
1335
1529
1699
33
932
1359
1571
1705
54
935
1402
1591
1707
69
958
1413
1596
1716
132
961
1420
1627
1843
142
973
1430
1638
1859
258
1056
1463
1643
1860
280
1113
1467
1709
1861
288
1138
1502
1725
1909
314
1154
1531
1739
1921
331
1184
1552
1773
1937
386
1187
1556
1798
1969
391
1196
1568
1804
1981
420
1219
1601
1815
2002
437
1220
1633
1842
2026
439
1227
1680
1902
2048
447
1241
1717
1928
2063
463
1260
1718
1952
2079
486
1264
1719
2005
2172
489
1284
1727
2009
2192
498
1285
1752
2011
2341
511
1293
1757
2019
2365
520
1320
1770
2067
2371
536
1324
1808
2068
2384
549
1328
1810
2101
2428
553
1333
1811
2106
2443
613
1338
1817
2111
2475
634
1339
1825
2122
28
715
1347
1865
2136
141
720
1358
1869
2166
166
752
1423
1974
2186
194
754
1469
2001
2245
201
767
1482
2004
2275
205
825
1484
2008
2292
211
863
1511
2027
2370
228
868
1525
2033
2410
334
916
1530
2038
2429
342
918
1537
2064
32
349
921
1543
2066
37
354
923
1551
2096
44
376
930
1561
2107
50
454
940
1562
2142
60
458
941
1597
2148
64
505
969
1620
2175
72
513
978
1642
2289
100
605
1005
1651
2297
116
626
1047
1663
2376
130
629
1063
1694
2414
131
645
1075
1702
2437
197
659
1089
1800
2455
198
713
1092
1887
2482
276
714
1096
1893
2493
277
721
1107
1895
10
289
764
1178
1910
80
311
821
1185
1918
93
317
822
1247
1931
96
330
841
1267
1966
99
332
873
1282
1984
103
353
884
1290
1997
106
367
885
1302
2021
112
409
902
1315
2023
127
422
911
1329
2052
135
431
915
1357
2054
162
434
926
1368
2112
178
497
947
1378
2163
179
509
977
1380
2169
186
512
986
1384
2196
192
527
997
1389
2201
204
541
1026
1398
2212
234
568
1033
1403
2222
235
575
1040
1426
2223
237
609
1080
1441
2226
247
641
1081
1513
2239
271
692
1105
1634
2244
281
716
1106
1675
2254
294
724
1121
1676
2270
313
765
1229
1742
2277
316
771
1240
1761
2306
338
782
1242
1779
2318
365
801
1244
1787
2337
373
819
1245
1790
2366
407
898
1275
1802
2423
415
913
1321
1836
2434
427
939
1326
1874
2436
452
942
1331
1923
2444
460
943
1343
1938
2448
470
965
1369
1999
2473
503
984
1373
2003
2496
514
1000
1394
2029
0
537
1048
1395
2060
1
573
1061
1499
2089
2
580
1072
1520
2125
23
597
1086
1563
2184
34
663
1093
1616
2187
46
670
1120
1626
2206
49
690
1133
1632
2227
55
691
1149
1637
2229
57
744
1152
1649
2248
63
761
1158
1650
2258
66
768
1170
1672
2269
76
773
1171
1695
2285
84
774
1200
1729
2314
90
780
1202
1737
2326
119
810
1205
1765
2339
138
835
1230
1788
2340
139
836
1231
1831
2360
145
845
1272
1852
2363
146
847
1295
1856
2400
151
855
1298
1872
2405
182
874
1313
1899
2412
189
876
1361
1977
2441
199
877
1365
1979
5
225
883
1382
1980
11
229
910
1397
2045
22
242
945
1432
2075
42
251
953
1442
2088
45
255
960
1445
2170
56
263
962
1479
2188
107
264
983
1486
2235
109
278
987
1565
2236
133
346
999
1578
2251
147
347
1001
1579
2335
148
350
1043
1588
2344
233
371
1049
1604
2346
238
384
1078
1605
2348
303
388
1083
1608
2354
327
411
1087
1609
2374
364
414
1174
1610
2408
380
426
1180
1613
2430
455
475
1186
1624
38
483
487
1189
1628
70
552
534
1194
1647
94
557
538
1211
1655
98
585
542
1213
1664
102
586
544
1221
1715
114
598
596
1274
1748
134
601
606
1291
1771
164
630
639
1304
1776
168
644
668
1309
1786
175
646
685
1351
1803
257
664
726
1355
1819
366
667
727
1363
1824
378
684
732
1401
1885
392
696
733
1443
1901
403
718
743
1465
1922
413
722
745
1470
1926
443
749
750
1481
1936
457
766
788
1523
1946
461
770
799
1532
1959
540
785
800
1540
1967
545
854
818
1618
1968
546
867
828
1656
1990
560
904
833
1658
2042
578
909
846
1659
2044
592
946
893
1662
2072
649
970
982
1678
2074
683
993
996
1682
2094
697
1030
1029
1696
2110
719
1051
1037
1703
2118
730
1057
1052
1706
2178
742
1058
1079
1708
2210
751
1062
1118
1721
2281
848
1103
1124
1734
2317
866
1150
1126
1751
2327
886
1172
1146
1756
2332
937
1191
1148
1758
2358
938
1208
1177
1760
2422
949
1239
1188
1764
2425
994
1306
1212
1767
2466
1020
1340
1223
1792
2491
1042
1350
1250
1813
3
1095
1364
1270
1828
13
1101
1370
1460
1853
25
1114
1377
1496
1862
40
1117
1391
1498
1881
43
1136
1416
1516
1914
52
1159
1417
1517
1932
79
1175
1424
1528
1933
81
1182
1425
1535
1940
91
1217
1438
1536
1950
140
1253
1444
1574
1963
143
1277
1447
1581
1965
160
1283
1448
1611
1987
183
1305
1478
1644
1989
221
1348
1480
1645
1998
224
1366
1497
1660
2022
252
1379
1501
1731
2024
261
1427
1504
1741
2086
290
1494
1519
1743
2130
304
1505
1548
1763
2132
319
1512
1560
1793
2141
394
1515
1684
1794
2144
404
1580
1713
1809
2161
410
1594
1736
1841
2167
416
1595
1746
1857
2168
453
1657
1766
1876
2171
465
1749
1806
1892
2181
481
1769
1814
1896
2182
484
1778
1840
1954
2194
485
1784
1864
1956
2195
488
1807
1868
1962
2215
515
1812
1873
1970
2218
583
1833
1880
1978
2237
610
1839
1911
1995
2242
614
1846
1919
2006
2247
640
1871
1964
2017
2274
655
1891
1982
2032
2280
656
1992
2043
2040
2299
674
1993
2055
2050
2303
695
2051
2105
2127
2305
717
2057
2140
2151
2324
737
2065
2150
2200
2350
753
2091
2154
2230
2364
772
2108
2174
2293
2375
798
2113
2207
2301
2391
816
2211
2264
2323
2404
840
2231
2271
2334
2453
843
2232
2283
2352
2483
917
2233
2333
2355
2498
927
2234
2368
2387
7
950
2250
2369
2399
31
954
2252
2393
2403
39
974
2268
2421
2431
58
1006
2300
2433
2458
68
1015
2307
2435
2463
110
1018
2320
2452
2472
128
1055
2342
2478
2488
137
1070
2353
2479
61
149
1216
2357
2484
118
150
1234
2380
2492
154
190
1249
2416
2499
161
209
1255
2438
24
171
239
1258
14
35
173
244
1276
16
88
180
265
1287
20
104
188
287
1288
30
113
217
296
1312
59
121
223
299
1316
83
126
227
368
1330
117
203
230
370
1372
120
207
268
372
1376
158
214
272
395
1387
177
245
300
430
1409
196
249
335
433
1429
232
273
352
445
1468
270
284
358
446
1472
282
286
369
469
1493
302
390
402
473
1542
322
396
418
476
1549
329
398
424
500
1566
337
442
440
563
1567
379
450
456
611
1599
436
464
459
675
1646
480
501
466
698
1710
496
523
467
738
1723
548
554
468
759
1747
565
587
479
769
1801
579
603
502
775
1830
619
657
518
789
1854
636
660
519
797
1890
637
711
528
807
1898
642
746
569
827
1925
651
787
615
859
1934
689
795
633
860
1958
706
830
662
869
2025
760
851
676
897
2030
793
865
686
934
2039
808
875
687
1028
2046
817
892
693
1066
2069
861
964
755
1071
2095
880
1014
779
1132
2121
890
1016
791
1155
2128
894
1039
794
1157
2156
979
1098
803
1168
2164
1004
1128
842
1206
2203
1007
1129
891
1225
2205
1094
1141
905
1266
2256
1156
1164
907
1278
2262
1232
1286
952
1301
2298
1246
1296
990
1319
2304
1248
1311
1012
1375
2308
1307
1360
1013
1396
2313
1314
1362
1050
1408
2321
1322
1371
1064
1454
2329
1327
1386
1073
1474
2345
1334
1410
1077
1555
2359
1345
1421
1100
1614
2377
1433
1456
1102
1630
2381
1458
1471
1131
1653
2389
1475
1545
1135
1667
2392
1558
1564
1137
1681
2397
1573
1606
1160
1685
2449
1586
1665
1165
1728
2460
1617
1691
1203
1738
2467
1641
1755
1237
1745
2481
1669
1768
1259
1780
2489
1701
1826
1294
1820
2495
1795
1847
1325
1875
47
1838
1849
1332
1929
62
1858
1903
1342
1935
78
1904
1927
1353
1939
85
1920
1941
1356
1943
124
1942
2007
1393
1947
185
1944
2014
1399
1949
195
1948
2020
1404
1983
220
1955
2083
1406
1986
324
2000
2097
1450
1988
326
2013
2100
1462
1996
351
2035
2135
1483
2018
355
2053
2137
1510
2077
361
2084
2145
1522
2080
425
2103
2160
1534
2117
428
2109
2162
1546
2131
444
2120
2185
1553
2176
529
2134
2209
1612
2208
582
2155
2219
1648
2214
590
2159
2290
1692
2238
632
2180
2356
1726
2272
635
2197
2373
1744
2284
757
2199
2394
1753
2343
829
2216
2447
1762
2385
871
2243
21
1829
2409
888
2257
53
1834
2415
895
2259
73
1850
2417
957
2279
97
1855
2440
1002
2291
153
1863
2454
1024
2312
215
1884
2497
1032
2331
267
1889
12
1099
2396
279
1906
17
1123
2413
291
1951
129
1162
2450
292
2015
212
1176
2451
309
2078
231
1190
2456
312
2104
275
1297
2476
341
2129
421
1354
9
345
2149
448
1385
75
397
2158
665
1428
111
449
2165
712
1431
155
507
2193
728
1492
165
530
2221
812
1526
167
539
2249
826
1576
208
577
2276
832
1583
222
588
2278
856
1621
274
602
2295
872
1635
310
650
2296
878
1674
318
708
2315
882
1688
325
709
2316
980
1697
375
710
2349
989
1704
417
901
2351
1027
1740
490
925
2390
1034
1759
491
929
2426
1271
1835
499
1008
2427
1300
1845
508
1010
2471
1451
1851
576
1067
2474
1464
1905
701
1076
2480
1466
1915
703
1112
2487
1598
1917
813
1207
2494
1640
1991
837
1273
51
1670
2012
839
1323
77
1671
2041
850
1337
86
1683
2071
852
1352
95
1689
2090
853
1381
144
1730
2092
881
1405
170
1775
2116
889
1473
240
1782
2153
900
1485
253
1796
2240
922
1487
285
1816
2288
968
1491
328
1827
2330
971
1518
357
1924
2386
975
1533
363
1985
2407
976
1544
374
2036
2411
991
1575
423
2126
2424
1088
1582
438
2183
2442
1091
1590
477
2202
48
1104
1622
526
2311
82
1108
1654
567
2401
108
1111
1673
595
2418
172
1145
1686
604
2465
243
1195
1690
620
19
333
1198
1785
623
200
360
1238
1805
653
308
462
1281
1832
658
339
547
1383
1870
677
356
550
1388
1878
704
400
556
1418
1879
707
406
566
1446
1882
741
494
594
1506
1894
778
600
763
1550
1972
805
607
776
1572
2034
831
618
879
1589
2070
906
643
887
1600
2098
919
679
933
1607
2115
920
804
1022
1666
2146
967
814
1036
1711
2152
1038
857
1140
1750
2198
1110
944
1243
1912
2228
1151
985
1303
1930
2319
1167
988
1317
1953
2362
1193
1053
1341
1975
2372
1235
1054
1390
2119
2383
1252
1085
1419
2173
2388
1254
1097
1455
2267
2432
1261
1222
1570
2282
15
1349
1263
1602
2309
74
1415
1308
1636
2378
101
1439
1414
1712
2419
266
1452
1436
1714
2446
323
1457
1440
1791
2457
385
1490
1461
1799
2461
429
1538
1500
2028
6
432
1585
1593
2056
123
472
1625
1623
2082
125
562
1677
1693
2143
163
574
1687
1700
2147
187
669
1720
1777
2189
305
736
1722
1783
2191
382
790
1724
1789
2204
419
948
1781
1844
2225
493
1011
1888
1908
2325
525
1084
1897
1960
2402
535
1116
1913
1994
2406
581
1125
1976
2031
2445
589
1127
2010
2049
2464
661
1147
2016
2076
2468
739
1215
2047
2138
2470
784
1233
2062
2217
2477
792
1236
2114
2220
26
815
1336
2139
2246
27
899
1411
2286
2261
41
1035
1434
2322
2265
89
1074
1477
2361
2287
92
1115
1508
2395
2420
219
1210
1527
2439
2486
250
1226
1547
2459
202
435
1262
1557
4
405
478
1392
1559
71
474
495
1435
1587
210
482
510
1459
1629
362
533
564
1489
1797
504
571
616
1524
1818
681
628
652
1592
1877
731
682
748
1619
1886
1009
756
781
1735
1907
1021
762
928
1772
1916
1181
936
1044
1823
1945
1280
963
1122
1837
1957
1299
1082
1130
1848
2059
1509
1142
1218
1866
2061
1615
1197
1256
1900
2085
1774
1400
1554
1961
2087
1821
1407
1661
1973
2099
2037
1422
1668
2124
2133
2073
1679
1732
2157
2190
2081
1822
1971
2241
2263
2213
1867
2177
2253
2266
2224
2179
2255
2273
2310
981
2260
2294
2302
2367
1883
2347
2462
2469
2490
