2499
2496
2492
2491
2490
2489
2486
2485
2479
2476
2484
2482
2471
2470
2461
2483
2474
2468
2464
2453
2481
2473
2460
2452
2428
2465
2459
2456
2450
2416
2463
2455
2447
2438
2402
2462
2440
2433
2430
2389
2458
2436
2431
2420
2387
2451
2434
2425
2417
2385
2446
2423
2419
2415
2382
2445
2422
2413
2406
2368
2442
2421
2409
2398
2365
2418
2412
2396
2395
2359
2410
2405
2377
2363
2356
2404
2403
2367
2355
2354
2399
2390
2353
2352
2339
2394
2386
2351
2342
2336
2391
2376
2341
2340
2334
2380
2374
2330
2327
2324
2379
2369
2325
2321
2320
2378
2361
2312
2311
2304
2372
2358
2309
2279
2259
2370
2346
2289
2274
2241
2366
2333
2288
2256
2218
2357
2329
2273
2253
2213
2347
2326
2257
2244
2211
2331
2318
2239
2234
2205
2315
2310
2235
2229
2176
2308
2303
2232
2216
2159
2306
2294
2209
2207
2157
2302
2277
2204
2196
2151
2299
2275
2203
2195
2146
2295
2271
2200
2193
2102
2292
2249
2199
2190
2097
2290
2245
2181
2168
2092
2278
2240
2174
2167
2083
2269
2230
2171
2143
2080
2268
2208
2148
2142
2076
2265
2197
2147
2139
2073
2261
2192
2136
2134
2068
2255
2191
2133
2132
2066
2250
2185
2128
2122
2053
2226
2178
2123
2075
2049
2219
2175
2117
2047
2030
2194
2169
2114
2041
2025
2187
2163
2091
2038
2021
2186
2155
2088
2036
2007
2177
2149
2067
2027
1996
2173
2145
2065
2016
1993
2153
2138
2063
2015
1988
2150
2129
2061
1999
1986
2140
2124
2059
1994
1979
2137
2121
2043
1976
1971
2135
2112
2040
1972
1966
2130
2107
2024
1970
1959
2127
2106
2003
1956
1953
2125
2104
1982
1955
1950
2120
2094
1978
1947
1927
2118
2089
1967
1945
1926
2113
2084
1963
1939
1925
2111
2081
1961
1938
1923
2109
2072
1954
1924
1916
2103
2070
1952
1914
1904
2100
2069
1944
1913
1892
2099
2062
1940
1902
1882
2093
2055
1936
1896
1875
2082
2054
1911
1894
1848
2077
2051
1905
1888
1846
2056
2044
1897
1886
1827
2052
2033
1895
1885
1820
2050
2028
1879
1865
1815
2039
2026
1876
1855
1808
2022
2017
1871
1844
1781
2014
2002
1863
1830
1769
2010
1969
1847
1812
1768
2006
1946
1845
1806
1759
2004
1943
1841
1798
1732
2000
1934
1825
1792
1726
1992
1915
1822
1790
1719
1990
1909
1814
1789
1718
1987
1901
1785
1773
1706
1981
1900
1778
1761
1670
1977
1891
1774
1752
1667
1975
1880
1770
1741
1652
1965
1877
1762
1737
1648
1964
1874
1748
1736
1629
1958
1872
1745
1717
1626
1948
1862
1738
1715
1614
1942
1859
1723
1712
1612
1930
1851
1710
1701
1605
1919
1840
1705
1697
1603
1917
1834
1699
1691
1579
1910
1828
1688
1679
1578
1907
1811
1687
1678
1576
1890
1803
1681
1659
1565
1889
1795
1655
1640
1548
1887
1771
1653
1636
1535
1884
1767
1645
1622
1526
1867
1766
1644
1618
1523
1860
1751
1617
1595
1520
1853
1749
1616
1584
1493
1839
1743
1615
1582
1477
1836
1740
1604
1581
1471
1833
1735
1596
1570
1468
1831
1733
1592
1568
1465
1824
1728
1580
1562
1463
1819
1727
1558
1547
1459
1817
1703
1546
1543
1458
1813
1692
1541
1533
1453
1805
1680
1531
1514
1441
1801
1673
1521
1508
1437
1800
1671
1506
1503
1417
1799
1663
1502
1501
1411
1794
1651
1500
1460
1401
1791
1649
1499
1456
1360
1787
1647
1497
1452
1358
1783
1646
1489
1447
1350
1782
1642
1488
1439
1345
1779
1639
1476
1423
1333
1776
1621
1474
1397
1329
1753
1620
1446
1390
1313
1746
1591
1444
1375
1307
1730
1588
1432
1366
1304
1729
1572
1430
1364
1243
1721
1569
1427
1362
1236
1720
1554
1410
1361
1221
1716
1536
1394
1351
1195
1713
1530
1387
1347
1188
1695
1525
1379
1335
1176
1693
1519
1373
1327
1175
1689
1496
1359
1324
1168
1686
1495
1348
1306
1158
1683
1484
1330
1305
1150
1682
1461
1328
1294
1123
1675
1451
1323
1290
1122
1674
1438
1311
1289
1116
1668
1428
1303
1287
1114
1666
1424
1297
1286
1079
1664
1420
1293
1281
1062
1662
1418
1283
1278
1061
1658
1415
1277
1272
1032
1656
1414
1273
1268
1025
1654
1398
1265
1251
998
1641
1396
1264
1241
989
1632
1384
1262
1235
975
1631
1380
1257
1233
954
1630
1372
1213
1212
929
1627
1371
1211
1204
918
1625
1370
1209
1199
917
1613
1367
1207
1193
910
1606
1357
1205
1189
876
1599
1356
1201
1187
872
1594
1349
1198
1174
857
1590
1344
1181
1172
843
1587
1331
1180
1167
842
1585
1326
1173
1164
840
1575
1320
1169
1161
830
1567
1317
1159
1128
807
1566
1308
1156
1127
800
1563
1299
1153
1120
796
1560
1296
1152
1119
787
1556
1291
1138
1101
785
1555
1284
1136
1097
766
1553
1267
1121
1081
761
1552
1266
1112
1076
722
1550
1259
1099
1068
711
1545
1258
1088
1058
709
1544
1252
1067
1056
683
1534
1232
1063
1051
674
1522
1224
1059
1042
673
1518
1223
1057
1027
666
1513
1220
1053
1022
642
1511
1219
1049
1019
641
1486
1218
1040
1004
582
1485
1216
1039
992
541
1483
1196
1035
991
534
1481
1186
1021
974
519
1466
1163
1013
973
505
1454
1160
1012
970
502
1450
1155
1005
969
493
1445
1151
1002
956
483
1443
1137
985
953
455
1442
1135
983
949
446
1431
1126
946
937
417
1429
1113
935
921
416
1421
1111
922
913
413
1409
1109
912
909
408
1408
1105
911
895
407
1393
1103
900
884
398
1392
1098
892
882
384
1389
1093
891
862
374
1383
1092
867
845
369
1363
1089
860
829
364
1352
1075
859
819
354
1343
1066
841
812
341
1340
1048
836
804
340
1339
1038
835
801
325
1334
1037
831
795
313
1325
1026
828
777
287
1322
1024
814
770
281
1318
1020
813
767
268
1316
1015
799
764
266
1315
1014
798
759
265
1310
1011
788
755
264
1309
1006
773
752
260
1301
996
760
750
257
1300
986
758
742
253
1288
984
749
733
247
1280
978
744
728
242
1270
971
740
727
239
1269
967
724
708
236
1263
965
717
699
235
1260
964
712
691
226
1255
962
700
690
220
1250
961
696
685
191
1249
960
694
680
179
1245
959
693
675
167
1242
957
679
671
164
1239
955
662
657
159
1237
941
654
650
154
1234
939
653
649
152
1229
936
647
635
150
1217
934
637
630
149
1206
930
633
611
133
1203
927
620
602
126
1202
919
605
599
124
1192
916
601
580
123
1182
914
594
570
122
1179
906
590
567
120
1177
904
588
563
119
1166
901
585
562
107
1157
888
573
558
103
1149
861
557
553
98
1145
851
549
540
91
1130
846
539
524
87
1118
839
532
522
70
1107
832
531
514
68
1104
827
530
510
67
1102
826
529
508
58
1100
825
527
500
56
1071
818
526
499
51
1070
816
516
496
44
1069
811
507
491
25
1065
810
506
475
20
1055
805
503
473
15
1050
803
486
458
2424
1047
793
478
440
2338
1044
784
463
439
2298
1034
783
460
437
2281
1030
778
453
434
2276
1029
754
442
432
2272
1028
737
431
422
2270
1023
736
428
419
2254
1003
707
426
391
2237
1001
702
415
388
2223
1000
697
412
386
2214
997
688
389
381
2162
963
678
371
370
2085
952
677
362
357
2001
947
676
360
350
1980
944
668
359
347
1968
940
661
353
343
1962
938
659
348
331
1957
932
658
332
328
1906
931
636
327
326
1883
926
625
324
320
1878
915
621
319
318
1873
907
614
317
312
1854
903
609
316
308
1850
898
608
311
301
1835
893
606
296
295
1809
885
604
292
290
1804
883
600
289
279
1760
881
597
286
277
1725
880
595
276
249
1707
877
584
273
248
1702
875
581
263
246
1700
871
572
262
227
1698
866
561
251
198
1598
856
560
234
176
1597
849
556
225
175
1490
844
550
207
172
1487
838
545
204
162
1480
834
537
196
156
1478
820
536
188
136
1470
817
512
170
129
1462
808
511
165
118
1400
806
509
158
116
1374
802
498
151
111
1338
790
497
147
101
1337
782
495
144
86
1312
775
494
113
79
1302
768
482
110
77
1292
746
477
100
71
1275
745
476
96
63
1253
743
472
95
57
1208
741
467
94
37
1148
738
459
88
35
1140
730
450
65
24
1134
729
436
60
21
1095
726
433
54
12
1077
721
421
43
0
1036
720
420
31
2487
993
719
405
29
2472
966
718
402
22
2469
958
716
400
18
2467
942
703
399
13
2466
924
701
397
11
2373
920
698
393
3
2335
870
695
390
2401
2323
864
686
382
2393
2283
853
682
380
2381
2282
734
669
372
2364
2231
684
665
361
2314
2228
629
663
352
2307
2212
623
656
349
2251
2201
576
646
344
2210
2064
501
644
334
2182
2060
489
643
329
2170
2018
465
639
322
2164
2011
452
634
321
2116
1989
423
631
306
2087
1921
365
628
300
2079
1918
358
627
298
2078
1893
305
622
294
2032
1763
280
619
291
1973
1709
237
607
282
1937
1694
121
596
270
1868
1660
105
589
261
1866
1643
84
583
259
1857
1589
49
579
250
1807
1561
6
571
238
1784
1559
2498
569
228
1764
1540
2494
565
221
1650
1537
2493
559
219
1610
1529
2454
554
213
1586
1528
2344
551
210
1573
1515
2332
547
206
1542
1512
2328
546
197
1527
1472
2267
544
190
1517
1434
2266
543
183
1457
1426
2258
542
171
1425
1407
2236
538
161
1422
1405
2217
533
157
1404
1368
2166
523
148
1402
1354
2119
520
146
1365
1321
2042
513
140
1336
1314
2037
504
134
1276
1247
2023
492
130
1261
1246
1998
490
115
1244
1230
1985
488
109
1226
1214
1929
480
108
1194
1191
1797
466
92
1190
1184
1777
464
81
1178
1125
1711
461
74
1170
1033
1633
451
66
1165
990
1619
449
64
1117
987
1602
443
62
1090
968
1601
438
59
1085
928
1577
435
55
1082
889
1516
430
53
1046
873
1505
425
50
1018
865
1494
410
48
994
848
1492
404
40
976
809
1475
394
39
950
780
1412
385
27
933
714
1391
383
23
908
692
1369
367
14
792
667
1200
366
2488
779
648
1147
363
2477
772
603
1142
351
2448
748
474
1108
346
2439
747
427
1043
342
2388
640
373
982
336
2362
616
339
902
333
2345
593
335
852
314
2316
592
330
821
310
2285
575
254
757
299
2246
568
194
756
284
2224
485
177
732
278
2161
454
131
689
274
2126
379
112
392
245
2031
378
69
302
243
2005
377
32
267
232
1951
202
30
240
229
1928
178
2441
209
224
1922
143
2408
208
223
1903
52
2384
186
218
1821
42
2293
139
217
1818
36
2198
135
216
1780
8
2188
114
215
1704
2495
2158
93
205
1690
2475
2046
82
200
1677
2407
2034
2478
193
1419
2322
1984
2443
192
1399
2313
1908
2400
189
1376
2284
1898
2286
185
1353
2280
1881
2221
169
1319
2206
1869
2215
163
1197
2144
1864
2154
160
1171
2110
1756
2115
155
1146
2105
1744
1997
145
1110
1995
1722
1920
141
945
1870
1608
1843
132
943
1858
1532
1823
128
923
1810
1507
1802
127
899
1758
1403
1793
117
894
1714
1395
1747
106
774
1638
1388
1685
104
725
1583
1382
1665
99
710
1549
1256
1551
97
687
1538
1016
1504
89
652
1464
1010
1491
80
615
1377
868
1467
78
613
1355
824
1448
76
591
1332
681
1248
73
517
1215
468
1240
61
479
1183
447
1238
47
457
1141
375
1225
45
448
1106
345
1094
41
418
972
293
1064
34
356
878
269
1009
33
309
850
252
995
28
304
762
199
980
9
283
739
187
979
5
142
706
182
897
4
137
610
17
874
2383
85
518
2414
869
2348
10
470
2411
789
2305
2432
469
2349
769
2297
2360
355
2300
705
2262
2319
323
2156
587
2090
2287
244
2095
577
2058
2252
231
1974
521
2045
2152
180
1960
484
2008
2098
75
1932
456
1861
2057
2449
1838
424
1765
1941
2375
1742
401
1637
1935
2337
1739
241
1624
1852
2074
1731
181
1600
1788
2071
1657
138
1564
1676
2035
1440
125
1557
1473
2020
1378
26
1539
1433
2009
1342
16
1498
1279
1983
1274
2497
1479
1162
1842
1143
2392
1346
1131
1755
1129
2291
1341
1080
1684
999
2248
1285
1052
1661
988
2225
1271
776
1635
925
2222
1210
751
1510
887
2220
1144
713
1509
815
2180
1139
564
1416
797
2131
1007
525
1227
791
2019
981
487
1124
731
1832
890
441
1087
651
1757
858
406
1060
598
1696
723
307
977
411
1634
715
230
948
271
1611
664
222
863
255
1593
660
46
847
174
1386
626
2480
837
2457
1254
586
2243
763
2350
1133
548
2233
624
2343
1132
462
2189
578
2172
1083
409
2141
445
2165
1074
368
1837
288
2160
1072
337
1826
2429
2012
1054
256
1786
2427
1899
1031
2263
1772
2426
1724
905
2101
1672
2371
1571
855
2048
1623
2264
1524
822
1933
1609
2108
1091
670
1829
1222
2096
896
566
1086
1008
2029
555
535
1041
951
1912
528
414
794
854
1849
481
396
753
574
1754
387
297
735
338
1607
258
212
552
195
1574
214
38
515
153
1455
211
1
395
2317
1436
201
2227
315
2184
1084
19
2202
203
1991
823
2435
1796
90
1381
638
2397
1469
2444
1295
618
2260
1449
2301
1228
471
2238
1435
2247
1096
429
2086
1413
1816
786
2296
2013
1385
1775
617
2242
1856
1154
1734
403
1708
1628
1078
879
303
1669
1406
1045
2179
233
1482
1231
1017
1949
102
1298
1185
833
184
83
1115
886
704
2437
2183
771
672
612
1931
1282
765
655
285
1750
781
645
444
275
1073
632
272
173
168
376
166
72
7
2
