0
4
9
34
73
10
19
27
55
77
12
28
46
151
182
16
30
76
157
230
17
33
80
207
338
43
45
83
213
432
48
90
108
216
435
57
97
113
218
456
60
104
122
227
564
61
112
130
266
628
67
116
133
301
683
100
121
152
364
693
105
127
153
371
710
144
145
179
384
714
146
168
201
389
729
158
173
205
462
765
169
175
224
477
785
181
206
233
492
801
189
245
246
512
918
191
249
278
515
947
193
254
285
585
979
199
258
296
618
984
220
262
299
631
1034
226
282
307
636
1052
231
289
319
637
1116
276
305
321
749
1121
288
314
337
750
1202
316
320
354
773
1206
322
324
375
857
1249
333
348
413
859
1254
340
352
424
891
1256
357
382
441
894
1272
360
390
490
906
1277
365
391
494
975
1282
381
396
511
996
1320
393
398
519
1010
1328
403
404
531
1012
1329
406
427
534
1014
1330
412
461
540
1058
1351
425
473
551
1104
1420
431
476
567
1113
1455
433
488
571
1183
1462
470
499
575
1208
1494
472
504
582
1210
1517
484
506
593
1267
1596
491
517
622
1285
1601
495
536
672
1298
1673
502
541
678
1345
1697
516
542
690
1388
1732
533
557
691
1395
1735
545
579
698
1465
1758
550
588
723
1500
1790
552
589
724
1506
1836
560
596
738
1521
1866
576
606
744
1523
1931
580
627
757
1538
1984
581
635
761
1560
1999
594
654
772
1600
2012
598
662
779
1733
2019
601
666
780
1786
2021
602
673
781
1818
2026
612
686
787
1839
2044
623
692
797
1851
2125
634
696
798
1860
2208
644
701
812
1928
2215
658
711
823
1974
2239
689
726
831
2018
2242
697
732
832
2094
2264
712
742
850
2124
2269
715
754
851
2126
2325
736
792
877
2161
2339
740
795
889
2162
2346
746
805
913
2231
2378
766
827
914
2241
2490
767
844
940
2261
2459
791
854
957
2280
1832
800
855
982
2301
1883
809
858
985
2312
192
825
862
987
2345
2057
826
866
988
2381
1025
834
871
1004
2412
900
835
875
1016
2465
79
840
879
1024
2396
386
847
903
1036
2053
503
848
904
1047
32
2024
870
907
1064
2359
676
880
910
1066
2471
2356
881
911
1085
1006
297
882
937
1092
160
1641
885
950
1096
587
1308
905
969
1112
760
954
928
990
1158
1172
3
932
1003
1207
966
616
938
1005
1214
106
2318
948
1008
1217
419
1668
952
1009
1226
1151
613
955
1015
1233
1914
901
964
1027
1234
1377
2310
967
1035
1241
1677
103
981
1044
1244
1048
725
983
1060
1261
2119
1246
989
1061
1266
713
1977
1028
1071
1283
31
2332
1030
1077
1322
2020
2214
1032
1083
1333
457
1424
1039
1084
1339
1106
1063
1042
1089
1342
23
1479
1059
1100
1349
1789
11
1068
1101
1353
2062
863
1075
1108
1356
1814
485
1078
1125
1368
38
876
1094
1128
1381
2279
2299
1107
1130
1387
2389
13
1115
1141
1397
2350
29
1119
1152
1398
2491
41
1122
1161
1411
2038
47
1127
1163
1417
1930
50
1134
1185
1431
922
54
1167
1187
1444
1651
58
1179
1193
1454
2110
59
1188
1199
1466
1177
63
1194
1213
1467
142
71
1203
1219
1488
2435
84
1223
1232
1501
24
86
1237
1239
1502
1294
87
1243
1258
1534
2426
91
1245
1288
1542
949
98
1253
1291
1551
1581
102
1289
1313
1570
2418
109
1295
1319
1572
743
119
1296
1321
1580
438
125
1305
1326
1584
1586
126
1310
1331
1599
18
137
1314
1344
1643
1963
155
1315
1350
1645
141
159
1340
1355
1650
565
161
1341
1358
1670
2466
164
1361
1363
1679
64
165
1364
1369
1688
437
167
1380
1393
1693
1661
172
1401
1410
1698
5
186
1404
1418
1708
8
188
1405
1421
1710
14
195
1416
1440
1728
15
196
1430
1442
1740
21
198
1438
1443
1753
22
212
1446
1458
1755
37
219
1463
1477
1762
52
229
1464
1478
1770
62
232
1482
1536
1779
68
237
1491
1545
1785
69
242
1496
1564
1811
82
244
1508
1588
1827
89
247
1512
1607
1829
92
251
1513
1608
1842
96
264
1514
1613
1847
99
267
1533
1622
1850
114
273
1553
1628
1862
115
275
1568
1629
1876
120
280
1576
1630
1877
128
291
1593
1634
1885
147
302
1598
1642
1917
148
304
1611
1644
1922
149
306
1625
1657
1923
171
335
1646
1660
1926
177
339
1656
1671
1966
185
353
1666
1674
1987
197
366
1681
1695
2023
203
368
1696
1721
2035
208
377
1716
1729
2039
210
379
1730
1741
2054
211
383
1744
1754
2063
214
387
1750
1759
2066
215
388
1761
1784
2068
221
392
1773
1797
2097
228
397
1776
1819
2101
235
411
1777
1849
2102
236
414
1788
1854
2121
238
423
1803
1855
2129
239
450
1808
1868
2133
240
451
1809
1869
2143
241
452
1810
1880
2151
250
454
1816
1884
2156
252
455
1820
1915
2165
257
468
1823
1918
2170
259
478
1840
1967
2173
261
479
1863
1973
2174
265
480
1867
1979
2190
283
481
1872
1983
2203
284
487
1874
2003
2205
293
500
1882
2017
2224
294
501
1933
2041
2227
298
509
1943
2047
2291
303
518
1959
2048
2294
312
521
1960
2065
2302
313
522
1976
2070
2303
315
524
1978
2076
2305
317
526
1994
2080
2317
326
528
1996
2120
2322
329
548
2006
2164
2344
330
556
2022
2169
2347
336
559
2027
2194
2348
349
570
2029
2199
2385
351
573
2040
2201
2387
355
577
2049
2207
2392
363
578
2092
2222
2397
367
595
2099
2228
2410
372
603
2105
2243
2414
376
610
2111
2254
2420
380
615
2118
2265
2427
395
625
2123
2268
2429
408
626
2132
2270
2446
415
629
2142
2278
2455
421
630
2148
2309
2457
430
643
2152
2335
2479
434
647
2158
2351
2481
440
649
2197
2371
2485
443
650
2200
2391
2492
446
653
2211
2415
2494
449
659
2216
2419
2499
458
668
2235
2444
1763
459
669
2247
2495
1492
466
675
2248
2498
1227
474
677
2258
1209
1965
505
681
2267
1589
1053
508
700
2274
995
829
513
703
2285
1870
886
514
709
2289
604
1954
520
717
2295
1
2408
529
735
2297
546
2077
538
745
2360
833
131
549
751
2369
156
2390
553
758
2373
1602
620
554
764
2380
1824
95
568
774
2393
2363
1470
584
788
2395
2150
2259
586
794
2399
1727
286
590
811
2400
2073
1165
592
838
2434
1848
609
597
845
2436
2177
1412
599
853
2447
566
1222
607
860
2463
2375
418
614
861
2473
2484
1579
617
867
2478
1073
1610
619
872
187
530
1196
638
873
311
2283
1109
641
874
1247
1975
1982
642
887
2337
1713
2342
651
895
66
1148
1667
660
896
572
2089
1057
671
902
688
2288
909
680
912
1049
1132
1531
687
915
256
362
40
705
920
402
410
1037
708
927
135
325
1259
718
929
605
2229
986
720
941
1257
2219
2272
730
944
2304
385
482
733
945
463
1752
422
734
946
1473
961
667
737
963
281
865
287
739
965
453
821
1138
741
971
2141
2246
2336
752
977
1897
1503
2071
768
980
2051
2198
959
770
997
143
1719
699
777
1000
2300
539
1453
783
1002
1780
2377
1720
784
1033
2413
1585
936
789
1041
956
507
1577
807
1043
270
663
1767
808
1050
1746
416
878
814
1062
695
1181
1699
818
1081
931
1991
1056
819
1086
2250
345
101
830
1088
2025
769
1678
856
1093
2130
2273
665
864
1099
786
1414
727
893
1103
1958
2217
1144
897
1111
1901
2388
184
898
1118
1541
804
1284
923
1133
134
7
1359
933
1137
350
569
1635
942
1139
378
1700
1623
953
1142
1169
2168
223
958
1146
1562
323
908
962
1166
1507
217
74
968
1173
248
2489
803
976
1176
486
664
401
999
1178
939
1150
813
1023
1186
1290
1419
2
1026
1197
308
361
26
1029
1198
974
1633
36
1040
1201
150
2450
39
1054
1215
1238
2196
42
1067
1231
1098
6
44
1069
1236
775
49
51
1070
1240
2163
53
56
1072
1262
1649
70
75
1074
1268
1992
72
78
1082
1271
1528
81
94
1114
1274
1609
85
118
1124
1278
176
88
129
1131
1279
1480
107
138
1136
1281
1451
110
154
1149
1299
271
124
162
1153
1323
2448
163
180
1154
1332
1895
166
190
1156
1337
1120
178
194
1170
1348
2315
183
222
1171
1357
111
204
243
1175
1378
93
225
255
1180
1383
65
253
268
1184
1385
1190
263
274
1204
1386
621
272
277
1205
1389
815
279
290
1218
1391
1483
292
300
1228
1394
2000
295
334
1229
1396
2386
309
341
1248
1403
1505
310
343
1264
1409
842
327
344
1275
1415
1624
332
346
1286
1423
20
342
347
1292
1427
25
358
369
1301
1429
35
370
373
1302
1436
117
374
394
1306
1441
123
405
409
1309
1448
132
417
420
1312
1449
136
426
436
1324
1450
139
428
469
1325
1471
140
429
493
1334
1481
170
442
496
1335
1487
174
444
497
1336
1510
200
448
498
1338
1518
202
460
525
1343
1524
209
464
547
1347
1544
234
467
555
1354
1549
260
471
561
1362
1550
269
475
562
1366
1554
318
510
574
1367
1555
328
535
583
1370
1557
331
537
608
1372
1571
356
543
633
1373
1578
359
544
639
1384
1582
399
558
640
1428
1583
400
563
645
1433
1591
407
624
648
1434
1597
439
632
652
1437
1603
445
655
657
1452
1604
447
656
661
1456
1612
465
670
684
1457
1614
483
674
694
1468
1615
489
679
704
1469
1617
523
682
722
1472
1619
527
685
748
1476
1627
532
702
763
1493
1632
591
716
776
1497
1638
600
719
782
1498
1652
611
721
806
1511
1663
646
755
817
1520
1664
706
759
822
1525
1689
707
790
824
1526
1692
728
799
839
1547
1705
731
810
868
1556
1711
747
816
883
1558
1717
753
820
888
1559
1724
756
843
916
1566
1726
762
849
919
1567
1737
771
869
930
1573
1742
778
899
934
1574
1743
793
921
943
1590
1745
796
924
972
1594
1751
802
951
991
1606
1760
828
970
992
1616
1764
836
978
994
1647
1765
837
998
1007
1653
1766
841
1011
1017
1655
1768
846
1018
1021
1658
1769
852
1019
1022
1669
1783
884
1045
1065
1680
1791
890
1051
1105
1683
1794
892
1055
1123
1684
1798
917
1091
1140
1687
1804
925
1095
1159
1691
1807
926
1097
1191
1712
1812
935
1110
1192
1718
1815
960
1129
1212
1722
1825
973
1135
1224
1739
1834
993
1143
1230
1747
1835
1001
1155
1251
1748
1844
1013
1157
1252
1749
1852
1020
1162
1263
1756
1857
1031
1168
1270
1774
1858
1038
1174
1276
1775
1875
1046
1182
1287
1792
1888
1076
1189
1300
1795
1891
1079
1195
1303
1796
1896
1080
1200
1316
1800
1898
1087
1211
1327
1805
1899
1090
1225
1352
1817
1903
1102
1235
1374
1826
1907
1117
1242
1375
1830
1908
1126
1250
1376
1831
1916
1145
1255
1382
1838
1920
1147
1273
1399
1841
1924
1160
1293
1400
1843
1927
1164
1297
1402
1845
1929
1216
1304
1413
1846
1935
1220
1307
1422
1853
1937
1221
1311
1426
1856
1949
1260
1317
1439
1864
1957
1265
1360
1460
1878
1968
1269
1365
1475
1887
1972
1280
1379
1484
1889
1980
1318
1390
1485
1890
1985
1346
1392
1486
1902
1986
1371
1407
1499
1905
1995
1406
1408
1509
1909
1998
1425
1435
1516
1912
2001
1432
1445
1519
1919
2007
1447
1461
1527
1932
2011
1459
1474
1529
1936
2016
1489
1490
1530
1941
2030
1495
1504
1535
1942
2031
1515
1537
1543
1944
2036
1522
1539
1546
1945
2050
1532
1548
1561
1946
2055
1540
1552
1565
1947
2060
1563
1569
1587
1953
2061
1575
1618
1626
1955
2064
1592
1631
1639
1962
2081
1595
1637
1648
1964
2084
1605
1659
1665
1969
2087
1620
1662
1672
1981
2096
1621
1675
1682
1989
2100
1636
1685
1694
1990
2104
1640
1686
1706
2002
2106
1654
1690
1731
2004
2108
1676
1702
1771
2009
2109
1701
1707
1772
2010
2115
1703
1709
1781
2037
2117
1704
1715
1799
2052
2134
1714
1723
1813
2056
2136
1725
1736
1822
2058
2155
1734
1782
1861
2067
2167
1738
1793
1865
2069
2180
1757
1802
1879
2072
2185
1778
1833
1886
2075
2187
1787
1859
1894
2085
2188
1801
1873
1906
2090
2189
1806
1892
1910
2095
2192
1821
1893
1952
2112
2204
1828
1900
1971
2114
2206
1837
1904
1993
2127
2209
1871
1921
2013
2128
2210
1881
1925
2032
2139
2221
1911
1938
2034
2144
2223
1913
1940
2045
2145
2225
1934
1950
2074
2147
2226
1939
1956
2079
2159
2232
1948
1997
2093
2171
2233
1951
2033
2103
2172
2234
1961
2043
2107
2175
2237
1970
2078
2113
2182
2238
1988
2086
2138
2186
2244
2005
2091
2140
2202
2249
2008
2098
2149
2212
2251
2014
2116
2166
2213
2252
2015
2122
2179
2218
2275
2028
2131
2181
2236
2296
2042
2135
2183
2245
2307
2046
2146
2191
2257
2308
2059
2153
2195
2263
2320
2082
2160
2220
2277
2321
2083
2176
2230
2284
2323
2088
2193
2266
2286
2324
2137
2240
2271
2298
2327
2154
2256
2276
2306
2328
2157
2260
2281
2314
2333
2178
2262
2282
2316
2354
2184
2287
2290
2326
2365
2253
2313
2329
2341
2366
2255
2330
2331
2343
2367
2292
2334
2349
2352
2376
2293
2338
2353
2357
2379
2311
2355
2358
2361
2383
2319
2364
2368
2370
2394
2340
2372
2374
2401
2402
2362
2384
2403
2411
2417
2382
2405
2409
2421
2431
2398
2407
2422
2425
2432
2404
2416
2423
2428
2440
2406
2424
2430
2433
2443
2437
2439
2441
2449
2451
2438
2442
2445
2453
2458
2452
2454
2456
2468
2472
2460
2461
2469
2474
2475
2462
2464
2470
2476
2482
2467
2477
2480
2483
2488
2486
2487
2493
2496
2497
