2
7
72
166
376
168
173
272
632
1073
275
444
645
781
1750
285
655
765
1282
1931
612
672
771
2183
2437
704
886
1115
83
184
833
1185
1298
102
1949
1017
1231
1482
233
2179
1045
1406
1669
303
879
1078
1628
1708
403
1734
1154
1856
2242
617
1775
1385
2013
2296
786
1816
1413
2086
429
1096
2247
1435
2238
471
1228
2301
1449
2260
618
1295
2444
1469
2397
638
1381
90
1796
2435
823
1991
203
2202
19
1084
2184
315
2227
201
1436
2317
395
1
211
1455
153
515
38
214
1574
195
552
212
258
1607
338
735
297
387
1754
574
753
396
481
1849
854
794
414
528
1912
951
1041
535
555
2029
1008
1086
566
896
2096
1222
1829
670
1091
2108
1609
1933
822
1524
2264
1623
2048
855
1571
2371
1672
2101
905
1724
2426
1772
2263
1031
1899
2427
1786
256
1054
2012
2429
1826
337
1072
2160
288
1837
368
1074
2165
445
2141
409
1083
2172
578
2189
462
1132
2343
624
2233
548
1133
2350
763
2243
586
1254
2457
837
2480
626
1386
174
847
46
660
1593
255
863
222
664
1611
271
948
230
715
1634
411
977
307
723
1696
598
1060
406
858
1757
651
1087
441
890
1832
731
1124
487
981
2019
791
1227
525
1007
2131
797
1416
564
1139
2180
815
1509
713
1144
2220
887
1510
751
1210
2222
925
1635
776
1271
2225
988
1661
1052
1285
2248
999
1684
1080
1341
2291
1129
1755
1131
1346
2392
1143
1842
1162
1479
2497
1274
1983
1279
1498
16
1342
2009
1433
1539
26
1378
2020
1473
1557
125
1440
2035
1676
1564
138
1657
2071
1788
1600
181
1731
2074
1852
1624
241
1739
2337
1935
1637
401
1742
2375
1941
1765
424
1838
2449
2057
1861
456
1932
75
2098
2008
484
1960
180
2152
2045
521
1974
231
2252
2058
577
2095
244
2287
2090
587
2156
323
2319
2262
705
2300
355
2360
2297
769
2349
469
2432
2305
789
2411
470
10
2348
869
2414
518
85
2383
874
17
610
137
4
897
182
706
142
5
979
187
739
283
9
980
199
762
304
28
995
252
850
309
33
1009
269
878
356
34
1064
293
972
418
41
1094
345
1106
448
45
1225
375
1141
457
47
1238
447
1183
479
61
1240
468
1215
517
73
1248
681
1332
591
76
1448
824
1355
613
78
1467
868
1377
615
80
1491
1010
1464
652
89
1504
1016
1538
687
97
1551
1256
1549
710
99
1665
1382
1583
725
104
1685
1388
1638
774
106
1747
1395
1714
894
117
1793
1403
1758
899
127
1802
1507
1810
923
128
1823
1532
1858
943
132
1843
1608
1870
945
141
1920
1722
1995
1110
145
1997
1744
2105
1146
155
2115
1756
2110
1171
160
2154
1864
2144
1197
163
2215
1869
2206
1319
169
2221
1881
2280
1353
185
2286
1898
2284
1376
189
2400
1908
2313
1399
192
2443
1984
2322
1419
193
2478
2034
2407
1677
200
82
2046
2475
1690
205
93
2158
2495
1704
215
114
2188
8
1780
216
135
2198
36
1818
217
139
2293
42
1821
218
186
2384
52
1903
223
208
2408
143
1922
224
209
2441
178
1928
229
240
30
202
1951
232
267
32
377
2005
243
302
69
378
2031
245
392
112
379
2126
274
689
131
454
2161
278
732
177
485
2224
284
756
194
568
2246
299
757
254
575
2285
310
821
330
592
2316
314
852
335
593
2345
333
902
339
616
2362
336
982
373
640
2388
342
1043
427
747
2439
346
1108
474
748
2448
351
1142
603
772
2477
363
1147
648
779
2488
366
1200
667
792
14
367
1369
692
908
23
383
1391
714
933
27
385
1412
780
950
39
394
1475
809
976
40
404
1492
848
994
48
410
1494
865
1018
50
425
1505
873
1046
53
430
1516
889
1082
55
435
1577
928
1085
59
438
1601
968
1090
62
443
1602
987
1117
64
449
1619
990
1165
66
451
1633
1033
1170
74
461
1711
1125
1178
81
464
1777
1184
1190
92
466
1797
1191
1194
108
480
1929
1214
1226
109
488
1985
1230
1244
115
490
1998
1246
1261
130
492
2023
1247
1276
134
504
2037
1314
1336
140
513
2042
1321
1365
146
520
2119
1354
1402
148
523
2166
1368
1404
157
533
2217
1405
1422
161
538
2236
1407
1425
171
542
2258
1426
1457
183
543
2266
1434
1517
190
544
2267
1472
1527
197
546
2328
1512
1542
206
547
2332
1515
1573
210
551
2344
1528
1586
213
554
2454
1529
1610
219
559
2493
1537
1650
221
565
2494
1540
1764
228
569
2498
1559
1784
238
571
6
1561
1807
250
579
49
1589
1857
259
583
84
1643
1866
261
589
105
1660
1868
270
596
121
1694
1937
282
607
237
1709
1973
291
619
280
1763
2032
294
622
305
1893
2078
298
627
358
1918
2079
300
628
365
1921
2087
306
631
423
1989
2116
321
634
452
2011
2164
322
639
465
2018
2170
329
643
489
2060
2182
334
644
501
2064
2210
344
646
576
2201
2251
349
656
623
2212
2307
352
663
629
2228
2314
361
665
684
2231
2364
372
669
734
2282
2381
380
682
853
2283
2393
382
686
864
2323
2401
390
695
870
2335
3
393
698
920
2373
11
397
701
924
2466
13
399
703
942
2467
18
400
716
958
2469
22
402
718
966
2472
29
405
719
993
2487
31
420
720
1036
0
43
421
721
1077
12
54
433
726
1095
21
60
436
729
1134
24
65
450
730
1140
35
88
459
738
1148
37
94
467
741
1208
57
95
472
743
1253
63
96
476
745
1275
71
100
477
746
1292
77
110
482
768
1302
79
113
494
775
1312
86
144
495
782
1337
101
147
497
790
1338
111
151
498
802
1374
116
158
509
806
1400
118
165
511
808
1462
129
170
512
817
1470
136
188
536
820
1478
156
196
537
834
1480
162
204
545
838
1487
172
207
550
844
1490
175
225
556
849
1597
176
234
560
856
1598
198
251
561
866
1698
227
262
572
871
1700
246
263
581
875
1702
248
273
584
877
1707
249
276
595
880
1725
277
286
597
881
1760
279
289
600
883
1804
290
292
604
885
1809
295
296
606
893
1835
301
311
608
898
1850
308
316
609
903
1854
312
317
614
907
1873
318
319
621
915
1878
320
324
625
926
1883
326
327
636
931
1906
328
332
658
932
1957
331
348
659
938
1962
343
353
661
940
1968
347
359
668
944
1980
350
360
676
947
2001
357
362
677
952
2085
370
371
678
963
2162
381
389
688
997
2214
386
412
697
1000
2223
388
415
702
1001
2237
391
426
707
1003
2254
419
428
736
1023
2270
422
431
737
1028
2272
432
442
754
1029
2276
434
453
778
1030
2281
437
460
783
1034
2298
439
463
784
1044
2338
440
478
793
1047
2424
458
486
803
1050
15
473
503
805
1055
20
475
506
810
1065
25
491
507
811
1069
44
496
516
816
1070
51
499
526
818
1071
56
500
527
825
1100
58
508
529
826
1102
67
510
530
827
1104
68
514
531
832
1107
70
522
532
839
1118
87
524
539
846
1130
91
540
549
851
1145
98
553
557
861
1149
103
558
573
888
1157
107
562
585
901
1166
119
563
588
904
1177
120
567
590
906
1179
122
570
594
914
1182
123
580
601
916
1192
124
599
605
919
1202
126
602
620
927
1203
133
611
633
930
1206
149
630
637
934
1217
150
635
647
936
1229
152
649
653
939
1234
154
650
654
941
1237
159
657
662
955
1239
164
671
679
957
1242
167
675
693
959
1245
179
680
694
960
1249
191
685
696
961
1250
220
690
700
962
1255
226
691
712
964
1260
235
699
717
965
1263
236
708
724
967
1269
239
727
740
971
1270
242
728
744
978
1280
247
733
749
984
1288
253
742
758
986
1300
257
750
760
996
1301
260
752
773
1006
1309
264
755
788
1011
1310
265
759
798
1014
1315
266
764
799
1015
1316
268
767
813
1020
1318
281
770
814
1024
1322
287
777
828
1026
1325
313
795
831
1037
1334
325
801
835
1038
1339
340
804
836
1048
1340
341
812
841
1066
1343
354
819
859
1075
1352
364
829
860
1089
1363
369
845
867
1092
1383
374
862
891
1093
1389
384
882
892
1098
1392
398
884
900
1103
1393
407
895
911
1105
1408
408
909
912
1109
1409
413
913
922
1111
1421
416
921
935
1113
1429
417
937
946
1126
1431
446
949
983
1135
1442
455
953
985
1137
1443
483
956
1002
1151
1445
493
969
1005
1155
1450
502
970
1012
1160
1454
505
973
1013
1163
1466
519
974
1021
1186
1481
534
991
1035
1196
1483
541
992
1039
1216
1485
582
1004
1040
1218
1486
641
1019
1049
1219
1511
642
1022
1053
1220
1513
666
1027
1057
1223
1518
673
1042
1059
1224
1522
674
1051
1063
1232
1534
683
1056
1067
1252
1544
709
1058
1088
1258
1545
711
1068
1099
1259
1550
722
1076
1112
1266
1552
761
1081
1121
1267
1553
766
1097
1136
1284
1555
785
1101
1138
1291
1556
787
1119
1152
1296
1560
796
1120
1153
1299
1563
800
1127
1156
1308
1566
807
1128
1159
1317
1567
830
1161
1169
1320
1575
840
1164
1173
1326
1585
842
1167
1180
1331
1587
843
1172
1181
1344
1590
857
1174
1198
1349
1594
872
1187
1201
1356
1599
876
1189
1205
1357
1606
910
1193
1207
1367
1613
917
1199
1209
1370
1625
918
1204
1211
1371
1627
929
1212
1213
1372
1630
954
1233
1257
1380
1631
975
1235
1262
1384
1632
989
1241
1264
1396
1641
998
1251
1265
1398
1654
1025
1268
1273
1414
1656
1032
1272
1277
1415
1658
1061
1278
1283
1418
1662
1062
1281
1293
1420
1664
1079
1286
1297
1424
1666
1114
1287
1303
1428
1668
1116
1289
1311
1438
1674
1122
1290
1323
1451
1675
1123
1294
1328
1461
1682
1150
1305
1330
1484
1683
1158
1306
1348
1495
1686
1168
1324
1359
1496
1689
1175
1327
1373
1519
1693
1176
1335
1379
1525
1695
1188
1347
1387
1530
1713
1195
1351
1394
1536
1716
1221
1361
1410
1554
1720
1236
1362
1427
1569
1721
1243
1364
1430
1572
1729
1304
1366
1432
1588
1730
1307
1375
1444
1591
1746
1313
1390
1446
1620
1753
1329
1397
1474
1621
1776
1333
1423
1476
1639
1779
1345
1439
1488
1642
1782
1350
1447
1489
1646
1783
1358
1452
1497
1647
1787
1360
1456
1499
1649
1791
1401
1460
1500
1651
1794
1411
1501
1502
1663
1799
1417
1503
1506
1671
1800
1437
1508
1521
1673
1801
1441
1514
1531
1680
1805
1453
1533
1541
1692
1813
1458
1543
1546
1703
1817
1459
1547
1558
1727
1819
1463
1562
1580
1728
1824
1465
1568
1592
1733
1831
1468
1570
1596
1735
1833
1471
1581
1604
1740
1836
1477
1582
1615
1743
1839
1493
1584
1616
1749
1853
1520
1595
1617
1751
1860
1523
1618
1644
1766
1867
1526
1622
1645
1767
1884
1535
1636
1653
1771
1887
1548
1640
1655
1795
1889
1565
1659
1681
1803
1890
1576
1678
1687
1811
1907
1578
1679
1688
1828
1910
1579
1691
1699
1834
1917
1603
1697
1705
1840
1919
1605
1701
1710
1851
1930
1612
1712
1723
1859
1942
1614
1715
1738
1862
1948
1626
1717
1745
1872
1958
1629
1736
1748
1874
1964
1648
1737
1762
1877
1965
1652
1741
1770
1880
1975
1667
1752
1774
1891
1977
1670
1761
1778
1900
1981
1706
1773
1785
1901
1987
1718
1789
1814
1909
1990
1719
1790
1822
1915
1992
1726
1792
1825
1934
2000
1732
1798
1841
1943
2004
1759
1806
1845
1946
2006
1768
1812
1847
1969
2010
1769
1830
1863
2002
2014
1781
1844
1871
2017
2022
1808
1855
1876
2026
2039
1815
1865
1879
2028
2050
1820
1885
1895
2033
2052
1827
1886
1897
2044
2056
1846
1888
1905
2051
2077
1848
1894
1911
2054
2082
1875
1896
1936
2055
2093
1882
1902
1940
2062
2099
1892
1913
1944
2069
2100
1904
1914
1952
2070
2103
1916
1924
1954
2072
2109
1923
1938
1961
2081
2111
1925
1939
1963
2084
2113
1926
1945
1967
2089
2118
1927
1947
1978
2094
2120
1950
1955
1982
2104
2125
1953
1956
2003
2106
2127
1959
1970
2024
2107
2130
1966
1972
2040
2112
2135
1971
1976
2043
2121
2137
1979
1994
2059
2124
2140
1986
1999
2061
2129
2150
1988
2015
2063
2138
2153
1993
2016
2065
2145
2173
1996
2027
2067
2149
2177
2007
2036
2088
2155
2186
2021
2038
2091
2163
2187
2025
2041
2114
2169
2194
2030
2047
2117
2175
2219
2049
2075
2123
2178
2226
2053
2122
2128
2185
2250
2066
2132
2133
2191
2255
2068
2134
2136
2192
2261
2073
2139
2147
2197
2265
2076
2142
2148
2208
2268
2080
2143
2171
2230
2269
2083
2167
2174
2240
2278
2092
2168
2181
2245
2290
2097
2190
2199
2249
2292
2102
2193
2200
2271
2295
2146
2195
2203
2275
2299
2151
2196
2204
2277
2302
2157
2207
2209
2294
2306
2159
2216
2232
2303
2308
2176
2229
2235
2310
2315
2205
2234
2239
2318
2331
2211
2244
2257
2326
2347
2213
2253
2273
2329
2357
2218
2256
2288
2333
2366
2241
2274
2289
2346
2370
2259
2279
2309
2358
2372
2304
2311
2312
2361
2378
2320
2321
2325
2369
2379
2324
2327
2330
2374
2380
2334
2340
2341
2376
2391
2336
2342
2351
2386
2394
2339
2352
2353
2390
2399
2354
2355
2367
2403
2404
2356
2363
2377
2405
2410
2359
2395
2396
2412
2418
2365
2398
2409
2421
2442
2368
2406
2413
2422
2445
2382
2415
2419
2423
2446
2385
2417
2425
2434
2451
2387
2420
2431
2436
2458
2389
2430
2433
2440
2462
2402
2438
2447
2455
2463
2416
2450
2456
2459
2465
2428
2452
2460
2473
2481
2453
2464
2468
2474
2483
2461
2470
2471
2482
2484
2476
2479
2485
2486
2489
2490
2491
2492
2496
2499
