2247
2259
166
1072
396
1020
618
1192
1412
468
294
672
2155
1482
887
309
2264
2383
2086
828
2331
471
2497
368
1211
222
1510
665
1330
2443
1538
1210
1449
1282
287
2407
2058
2046
1399
424
1018
656
2165
920
195
753
445
612
993
303
1817
863
865
1074
338
1389
1390
1385
1708
406
1870
1242
1657
1711
617
2096
1744
2192
2171
776
2211
2160
2303
2221
894
2242
2343
2332
376
1222
823
2499
2424
1931
1228
1426
3
997
150
1433
1406
173
1000
455
2057
275
1190
1310
481
2287
704
86
2101
521
2437
1057
2367
757
614
890
1382
966
1935
1073
706
1960
1043
1677
915
2296
2457
1298
525
1750
1215
32
1369
827
2028
1354
603
1929
916
2301
1529
1143
2019
846
548
249
1045
2225
2126
698
1087
1336
2493
472
938
1251
1681
72
591
1455
184
1739
484
1704
2144
1270
886
2265
1631
578
791
1492
102
2179
1125
1199
1602
818
1152
1710
337
211
1011
1404
1810
634
852
2292
1650
2029
735
918
2317
1731
2427
879
1551
14
1041
1645
244
1809
64
1229
1847
522
2238
238
1346
174
593
2037
307
1450
1752
795
2354
441
1765
833
956
25
457
1799
1410
1464
258
595
1816
1430
1858
629
621
1829
1571
7
1491
751
1861
2139
52
2148
754
1981
2172
231
139
1006
2045
187
332
1448
1623
2149
555
429
1478
1749
2262
868
485
1780
58
1239
988
638
2224
857
1964
1078
640
2422
864
1413
655
223
2439
929
1502
847
256
2480
1132
1722
878
775
1832
2411
27
1019
1007
1968
2414
83
1332
1664
2013
574
2
1368
1801
2222
781
486
1618
1975
951
667
1723
2451
125
1353
815
2074
358
215
1786
1016
2206
369
715
2378
1435
766
1055
37
855
1
1552
349
514
1391
38
1553
517
647
1892
131
1624
687
1185
2042
207
1666
1111
1416
2334
289
1686
1991
1515
2494
375
1948
2141
1792
201
427
2297
2184
1983
302
692
2071
586
81
765
891
2097
646
372
924
1021
2157
1069
826
954
1214
2322
1139
1296
1116
1244
2429
1442
2388
1208
1247
12
2477
89
1475
1303
377
40
90
1577
1359
568
50
315
2260
1365
594
66
425
1533
670
1060
92
466
1586
998
1227
130
515
1691
1108
1324
168
552
1773
1470
1436
219
583
1838
1626
1537
233
628
2079
1634
1628
304
660
2355
1846
1635
352
664
2368
1939
1714
403
718
2047
30
1789
420
768
2181
263
1842
512
794
301
1979
93
550
820
330
2009
114
604
875
797
2313
240
697
880
913
2426
264
725
940
928
502
180
783
963
1742
905
470
854
1044
2012
1292
727
923
1086
2142
1304
837
936
1271
2256
1411
850
996
1343
2307
1467
1085
1008
1363
414
1468
1090
1080
1408
428
1505
1178
1151
1409
570
1667
1231
1196
1445
598
1759
1314
1319
1513
925
1835
1439
1320
1564
1274
2216
1549
1357
1587
1342
2266
1661
1376
1627
1532
2400
1754
1419
1683
1608
2496
2110
1461
1734
1616
2371
220
1536
1753
1715
2415
392
1621
1782
1784
36
822
1690
1787
2401
129
1054
1743
1831
293
227
1094
1821
1836
326
1183
1243
1826
1887
693
2105
1471
1900
1933
760
2283
1665
1934
1949
831
1725
1946
63
1965
867
1802
2005
288
2048
1053
2220
2022
353
2081
1256
2328
2098
573
2294
1323
2339
2127
632
4
1328
2396
2186
645
5
1440
19
2233
972
9
1521
26
2261
1056
28
1688
82
2278
1189
33
1724
105
2308
1226
34
2067
209
2362
1241
41
2293
297
2380
1276
45
2321
416
2399
1509
47
2384
444
2448
1659
61
2441
452
153
1660
73
712
489
230
1684
76
848
501
250
1738
78
987
623
283
1925
80
1112
734
477
2073
97
1264
771
560
2102
99
1265
902
710
2282
104
1610
995
803
2304
106
1866
1064
888
2377
117
1881
1225
899
2469
127
2059
1240
934
42
128
2168
1302
1052
175
132
2204
1386
1096
178
141
2210
1459
1105
198
145
2428
1487
1110
202
155
1494
65
1113
311
160
1504
252
1162
316
163
1593
254
1381
319
169
1597
269
1646
320
185
1611
271
1788
327
189
1619
285
1852
348
192
1685
318
2050
362
193
1707
651
2109
378
200
1820
681
2189
379
205
1843
799
2316
391
216
1856
1017
2319
434
217
1878
1039
2370
491
218
1920
1469
2403
500
224
1985
1524
2412
588
229
1997
1527
2488
624
232
2001
1899
2491
708
243
2162
1932
728
46
245
2248
1984
733
48
274
2270
2040
742
321
278
2276
2095
759
436
284
2291
2133
763
497
299
2344
2156
767
509
310
2431
2364
770
545
314
2478
2365
777
608
333
2485
2408
812
615
336
2498
411
829
625
342
181
447
884
784
346
241
527
908
904
351
423
696
922
1014
363
465
773
949
1037
366
528
889
991
1075
367
535
892
1027
1396
383
577
896
1051
1473
385
789
1201
1084
1495
394
869
1403
1106
1676
395
874
1542
1115
1834
404
1133
1712
1117
1901
409
1254
1967
1124
1928
410
1312
1974
1127
2120
430
1313
2091
1167
2173
435
1338
2198
1272
2187
438
1669
2300
1321
2440
443
1702
339
1377
449
10
1956
347
1422
451
23
1957
373
1434
461
39
2195
412
1447
462
53
2254
463
1460
464
55
2298
474
1472
480
59
214
599
1528
488
62
401
662
1543
490
74
705
717
1559
492
85
756
740
1561
504
108
1009
809
1574
513
109
1188
841
1583
523
115
1253
1059
1584
533
134
1480
1129
1636
538
137
2023
1169
1638
542
140
20
1277
1643
543
142
49
1297
1699
544
146
67
1394
1758
546
148
103
1395
1763
547
157
152
1653
1830
551
161
272
1717
1844
554
171
280
1871
1849
559
183
364
1978
1888
565
190
493
2032
1921
569
197
642
2164
1950
571
206
684
2167
1995
596
210
769
2188
2011
607
213
843
2227
2018
619
221
872
2244
2020
622
228
942
2342
2035
626
259
1036
2385
2151
627
261
1150
2402
2201
631
270
1238
2212
11
639
282
1337
2241
13
643
291
1374
2375
17
644
298
1400
2449
18
663
300
1477
2472
22
669
306
1490
2487
29
682
322
1516
31
0
686
329
1598
43
8
695
334
1696
54
21
701
344
1726
60
24
703
356
1760
69
35
716
361
1777
88
57
719
380
1793
94
71
720
382
1823
95
75
721
390
1962
96
77
723
393
1998
100
79
726
397
2016
110
101
730
399
2038
112
111
738
400
2041
113
116
741
402
2132
144
118
743
405
2134
147
136
745
418
2154
151
143
746
421
2166
158
156
782
433
2180
165
162
790
448
2214
170
172
802
450
2215
177
176
806
459
2217
182
246
808
467
2237
188
248
817
476
2286
194
277
834
479
2330
196
279
838
482
2336
199
290
844
487
2392
204
296
849
494
2397
212
317
856
495
2435
225
323
858
498
2454
234
355
866
511
2482
251
359
871
536
6
255
360
881
537
107
262
371
883
556
133
273
381
885
561
138
276
386
893
564
149
286
388
898
572
236
292
419
903
581
242
295
422
907
584
365
308
432
931
597
417
312
437
932
600
519
324
439
944
606
566
328
440
947
609
641
331
454
952
613
673
335
458
981
636
674
343
469
1001
652
683
345
473
1003
658
689
350
475
1023
659
796
357
496
1029
661
807
370
499
1030
668
897
387
508
1034
676
1077
389
510
1047
677
1083
415
518
1050
678
1134
426
524
1070
688
1140
431
540
1071
702
1221
442
557
1100
707
1350
453
575
1102
713
1548
460
585
1104
736
1633
478
590
1107
737
1706
503
592
1130
774
1873
506
601
1144
778
1904
507
605
1145
786
1947
516
610
1149
793
1955
526
616
1157
805
1980
529
620
1166
810
1999
530
633
1177
811
2036
531
637
1182
816
2085
532
649
1202
825
2115
539
650
1203
832
2131
549
657
1206
839
2223
553
671
1217
851
2267
558
675
1234
861
2272
562
680
1237
901
2409
563
685
1249
906
567
690
1250
914
15
580
691
1255
919
16
602
699
1260
927
44
611
739
1263
930
51
630
747
1269
939
56
635
748
1280
941
68
648
750
1285
943
70
653
752
1288
945
84
654
755
1301
955
87
679
762
1309
957
91
694
764
1315
959
98
700
772
1316
960
119
714
779
1318
961
120
724
792
1322
962
121
731
801
1325
964
122
744
804
1334
965
123
749
819
1339
967
124
758
845
1340
971
126
780
862
1341
978
135
788
882
1352
984
154
798
895
1383
986
159
813
909
1392
1015
164
814
933
1393
1024
167
824
935
1421
1026
179
835
937
1429
1038
186
836
948
1431
1048
191
859
950
1443
1066
208
860
953
1454
1089
226
873
969
1466
1092
235
900
970
1479
1093
237
911
973
1483
1098
239
912
974
1486
1103
247
921
976
1498
1109
253
946
977
1511
1126
257
968
992
1518
1131
260
983
994
1522
1135
265
985
1004
1534
1137
266
990
1022
1539
1146
267
999
1042
1544
1155
268
1002
1046
1545
1160
281
1005
1058
1550
1163
305
1010
1068
1555
1171
313
1012
1076
1556
1186
325
1013
1081
1557
1197
340
1033
1082
1560
1216
341
1035
1097
1563
1218
354
1040
1101
1566
1219
374
1049
1119
1567
1220
384
1063
1120
1575
1223
398
1067
1128
1585
1224
407
1088
1141
1590
1232
408
1091
1161
1594
1252
413
1099
1164
1599
1258
446
1121
1165
1600
1259
456
1136
1170
1606
1266
483
1138
1172
1625
1267
505
1153
1174
1630
1279
534
1154
1187
1632
1284
541
1156
1193
1637
1291
576
1159
1194
1641
1295
582
1173
1204
1654
1299
587
1180
1212
1656
1308
666
1181
1230
1658
1317
709
1184
1233
1662
1326
711
1191
1235
1668
1331
722
1198
1261
1674
1344
732
1205
1268
1675
1349
761
1207
1278
1682
1356
785
1209
1281
1693
1367
787
1213
1286
1695
1370
800
1246
1287
1713
1371
821
1257
1289
1716
1372
830
1262
1290
1720
1380
840
1273
1294
1721
1384
842
1283
1305
1729
1398
853
1293
1306
1730
1414
870
1311
1327
1746
1415
876
1348
1335
1775
1418
910
1373
1347
1776
1420
917
1378
1351
1779
1424
958
1379
1355
1783
1428
975
1387
1361
1791
1438
979
1388
1362
1794
1451
980
1402
1364
1800
1484
982
1405
1366
1805
1496
989
1407
1375
1813
1519
1025
1427
1397
1819
1525
1031
1432
1423
1824
1530
1032
1444
1425
1833
1554
1061
1446
1452
1839
1569
1062
1457
1456
1853
1572
1079
1474
1501
1860
1588
1095
1476
1503
1867
1591
1114
1488
1508
1884
1609
1122
1489
1512
1889
1620
1123
1497
1514
1890
1639
1142
1499
1540
1907
1642
1147
1500
1541
1910
1647
1148
1506
1547
1917
1649
1158
1507
1562
1919
1651
1168
1517
1568
1930
1663
1175
1531
1570
1942
1671
1176
1546
1581
1958
1672
1195
1558
1582
1977
1673
1200
1573
1589
1987
1680
1236
1580
1595
1990
1692
1248
1592
1607
1992
1703
1275
1596
1622
2000
1727
1307
1604
1640
2004
1728
1329
1615
1678
2006
1733
1333
1617
1679
2008
1735
1345
1644
1694
2010
1740
1358
1655
1705
2014
1751
1360
1687
1709
2017
1766
1401
1697
1745
2033
1767
1417
1701
1748
2044
1771
1437
1736
1755
2051
1772
1441
1737
1762
2054
1795
1453
1741
1770
2055
1803
1458
1756
1774
2062
1811
1462
1761
1778
2069
1818
1463
1764
1785
2070
1828
1465
1796
1790
2072
1837
1493
1807
1798
2084
1840
1520
1814
1806
2089
1851
1523
1822
1812
2090
1859
1526
1825
1855
2094
1862
1535
1841
1865
2106
1872
1565
1845
1885
2107
1874
1576
1857
1886
2112
1877
1578
1863
1893
2121
1880
1579
1864
1894
2124
1891
1601
1868
1896
2129
1903
1603
1869
1902
2138
1909
1605
1876
1912
2145
1915
1612
1879
1913
2163
1922
1614
1895
1914
2169
1941
1629
1897
1916
2175
1943
1648
1898
1918
2178
1951
1652
1905
1923
2183
1969
1670
1908
1926
2185
2002
1698
1911
1927
2191
2031
1700
1936
1953
2197
2039
1718
1937
1959
2208
2052
1719
1940
1966
2230
2056
1732
1944
1971
2240
2077
1747
1952
1986
2245
2082
1757
1954
1988
2249
2093
1768
1961
1989
2263
2099
1769
1963
1993
2271
2100
1781
1973
1996
2275
2103
1797
1982
2007
2277
2111
1804
2003
2021
2305
2113
1808
2024
2025
2310
2118
1815
2034
2030
2318
2125
1827
2043
2049
2326
2130
1848
2061
2053
2329
2135
1850
2063
2060
2333
2137
1854
2065
2064
2346
2140
1875
2078
2066
2348
2150
1882
2087
2068
2358
2152
1883
2088
2076
2361
2153
1906
2114
2080
2369
2161
1924
2116
2083
2374
2177
1938
2117
2092
2376
2194
1945
2123
2108
2386
2219
1970
2128
2146
2404
2226
1972
2136
2159
2410
2243
1976
2143
2176
2418
2246
1994
2158
2205
2442
2250
2015
2170
2213
2444
2252
2027
2182
2218
2445
2255
2075
2199
2228
2446
2268
2119
2200
2231
2458
2269
2122
2202
2280
2462
2285
2147
2203
2284
2463
2290
2174
2207
2320
2465
2295
2190
2232
2323
2481
2299
2193
2235
2327
2483
2302
2196
2239
2335
2484
2306
2209
2251
2337
2489
2315
2229
2253
2340
2490
2345
2234
2274
2351
203
2347
2236
2279
2353
520
2357
2257
2312
2373
579
2360
2258
2314
2395
589
2366
2273
2324
2398
729
2372
2281
2341
2406
877
2379
2288
2349
2417
926
2391
2289
2350
2420
1028
2394
2309
2352
2430
1065
2405
2311
2356
2438
1118
2421
2325
2359
2456
1179
2423
2338
2381
2460
1245
2432
2363
2382
2464
1300
2434
2413
2387
2466
1481
2436
2419
2389
2467
1485
2447
2425
2393
2470
1613
2450
2433
2416
2475
1689
2452
2455
2468
2476
2026
2453
2459
2471
2492
2104
2461
2473
2486
2495
2390
2479
2474
