2479
2476
2477
2486
2482
2478
2456
2469
2481
2471
2428
2416
2417
2462
2361
2393
2396
2343
2407
2249
2388
2367
2302
2370
2213
2383
2340
2255
2321
2175
2373
2331
2230
2292
2167
2372
2291
2143
2287
2132
2368
2285
2028
2260
2066
2348
2282
2018
2256
1974
2347
2279
1995
2246
1965
2294
2253
1986
2220
1951
2266
2243
1943
2217
1792
2235
2241
1822
2203
1758
2228
2232
1816
2179
1751
2190
2216
1793
2177
1696
2185
2211
1714
2166
1656
2108
2207
1689
2138
1625
2087
2173
1685
2136
1523
2014
2157
1683
2128
1522
1957
2154
1670
2122
1490
1920
2150
1651
2121
1481
1916
2134
1645
2116
1470
1907
2125
1636
2110
1467
1886
2124
1602
2049
1406
1882
2105
1555
2046
1404
1878
2084
1496
2030
1402
1852
2055
1419
1994
1399
1847
1973
1396
1991
1304
1832
1961
1319
1990
1280
1826
1953
1303
1968
1261
1785
1948
1271
1908
1213
1784
1944
1218
1905
1211
1768
1930
1206
1854
1180
1686
1927
1146
1844
1165
1672
1923
1140
1835
1064
1665
1900
1132
1830
1059
1616
1866
1130
1815
999
1582
1864
1071
1801
952
1580
1848
933
1798
796
1559
1840
928
1783
780
1557
1838
828
1723
731
1547
1837
818
1709
725
1545
1823
799
1704
677
1527
1806
783
1700
593
1508
1779
781
1688
555
1499
1746
776
1679
502
1491
1735
769
1668
459
1471
1713
495
1661
418
1456
1701
494
1628
358
1410
1619
400
1610
352
1405
1617
275
1599
343
1371
1589
250
1591
223
1360
1524
244
1583
179
1337
1513
242
1578
150
1323
1506
212
1576
137
1321
1501
209
1567
2480
1311
1478
200
1554
2474
1296
1448
145
1486
2349
1286
1435
129
1479
2322
1244
1418
41
1461
2297
1233
1389
1442
2276
2472
1215
1388
1437
2274
2448
1147
1383
1431
2247
2355
1116
1357
1387
2242
2222
1114
1346
1361
2224
2176
1105
1345
1354
2218
2131
1101
1334
1330
2182
2006
1094
1322
1316
2114
1763
1084
1315
1258
2104
1525
1031
1314
1249
2086
1484
1010
1290
1222
2081
1466
929
1281
1197
2047
1460
925
1262
1190
2033
1339
894
1247
1171
2022
1333
861
1210
1093
2008
1300
793
1198
1055
1932
1126
790
1166
1054
1914
1044
736
1145
1053
1913
893
730
1141
1024
1889
833
721
1115
957
1888
788
669
1107
954
1883
763
642
1104
944
1855
611
636
1103
936
1811
448
619
1096
927
1781
445
577
1091
917
1774
283
574
1051
913
1760
118
562
1035
898
1756
2496
560
1016
888
1744
2488
540
1005
857
1724
2468
539
978
843
1722
2458
505
971
829
1719
2434
496
922
772
1717
2409
480
918
762
1706
2406
472
850
757
1678
2402
432
792
756
1658
2387
413
784
753
1546
2385
385
777
724
1502
2272
345
749
717
1353
2225
341
739
716
1291
2201
329
684
688
1274
2082
312
660
643
1251
2056
286
657
640
1214
2050
273
646
635
1193
1962
215
644
618
1131
1949
101
585
617
1087
1924
98
561
614
1078
1918
74
553
600
1021
1876
53
525
594
1012
1827
15
420
570
990
1820
419
2335
566
987
1799
382
2209
556
962
1782
380
2088
550
960
1745
364
2085
541
907
1732
318
2051
533
831
1712
305
1657
482
747
1642
282
1639
465
707
1614
274
1477
462
693
1574
270
1273
453
686
1451
258
1245
444
676
1422
248
1207
410
672
1400
187
1134
405
670
1375
177
1106
394
662
1347
167
1095
381
658
1317
165
1026
361
653
1285
163
1007
360
615
1260
152
764
330
604
1196
123
709
324
595
1188
111
629
311
537
1124
75
605
289
519
1122
45
507
261
504
1066
16
376
259
477
1036
337
224
441
2485
1028
309
221
363
2457
1022
205
202
338
2451
996
176
197
271
2446
982
175
185
253
2441
980
172
2384
237
2398
961
131
2319
227
2360
887
130
2264
217
2342
870
85
2162
193
2336
832
81
2146
178
2328
812
72
2137
135
2326
807
62
2133
128
2312
759
48
2100
110
2310
750
47
2098
58
2309
738
40
2083
51
2267
734
3
1979
39
2257
732
1877
4
2250
2467
675
1805
2248
2449
666
2498
1797
2206
2420
628
2453
1755
2184
2389
544
2404
1737
2174
2358
506
2351
1673
2159
2345
487
2324
1629
2155
2329
478
2305
1603
2119
2262
476
2237
1421
2103
2261
433
2215
1386
2089
2240
406
2193
1381
2053
2205
395
2158
1343
2043
2186
383
2144
1277
2029
2156
377
2129
1164
2003
2153
372
2073
1127
2000
2042
371
2062
1125
1982
2009
368
2024
1121
1975
1960
339
2004
1081
1942
1936
336
2001
1067
1911
1928
308
1989
1008
1874
1902
301
1906
1003
1873
1885
298
1813
979
1802
1824
278
1762
915
1790
1819
262
1687
884
1754
1804
231
1585
866
1750
1789
219
1538
817
1736
1777
190
1534
706
1711
1773
92
1439
697
1669
1697
90
1415
602
1666
1655
76
1413
587
1641
1566
26
1349
554
1631
1529
19
1335
436
1607
1514
17
1294
379
1592
1313
2277
1259
292
1586
1298
2021
1252
121
1577
1288
1956
1235
73
1573
1287
1867
1199
38
1572
1142
1256
1194
2362
1558
1123
1212
1192
2099
1550
1120
1056
1186
2059
1497
1099
934
1167
2034
1480
1068
872
1160
1839
1475
1032
700
1077
1818
1447
1018
685
1073
1587
1446
988
668
1049
1434
1444
974
500
1045
1369
1438
950
412
1041
1366
1433
943
36
910
1326
1417
939
8
877
1253
1391
871
847
2497
1112
1377
816
791
2454
1076
1364
804
778
2418
948
1350
801
774
2325
714
1327
798
768
2311
710
1307
641
741
2306
659
1306
632
704
2270
592
1268
631
694
2244
449
1246
609
687
2196
429
1238
608
663
2183
291
1156
590
573
2117
266
1150
547
460
2077
249
1128
515
456
2017
153
1063
512
393
1985
94
1062
434
373
1954
24
1058
425
369
1935
1057
2492
351
294
1929
968
2435
297
285
1910
964
2369
290
240
1896
900
2356
252
226
1841
899
1945
195
204
1794
881
1812
184
192
1663
867
1544
143
188
1660
852
1348
140
144
1630
851
1336
60
106
1620
837
1275
50
93
1597
830
1011
43
86
1581
815
1004
2491
77
1561
813
977
2460
2493
1543
785
949
2442
2483
1528
754
886
2425
2390
1516
752
848
2411
2289
1482
722
821
2377
2010
1469
718
650
2359
1998
1407
701
588
2332
1420
1358
661
457
2330
1359
1328
634
443
2308
1181
1270
625
401
2111
779
1243
622
397
2106
518
1227
613
257
2094
335
1219
589
134
2092
180
1177
576
2090
103
1168
2499
565
2074
2494
1155
2443
548
2041
2414
1148
2433
535
2031
2395
1037
2374
511
2025
2376
1027
2290
508
1971
2299
989
2236
498
1967
2296
932
2198
491
1959
2278
897
2192
450
1922
2195
879
2170
417
1901
2149
878
2145
396
1851
2148
743
2135
390
1771
2139
735
2113
327
1747
2078
726
2070
325
1740
2038
712
2061
288
1715
1940
665
2057
238
1646
1863
647
2048
236
1643
1828
538
2020
232
1635
1821
531
2002
222
1623
1810
510
1992
208
1621
1764
492
1981
148
1596
1752
475
1899
147
1588
1720
446
1871
142
1500
1708
435
1870
133
1472
1682
350
1861
125
1449
1677
346
1856
117
1440
1615
225
1769
69
1436
1552
213
1729
56
1432
1531
199
1698
30
1429
1509
181
1654
20
1428
1465
174
1637
1397
2490
1452
151
1606
1382
2461
1430
146
1575
1312
2419
1363
139
1539
1263
2413
1269
138
1507
1230
2380
1237
119
1485
1216
2379
1224
57
1283
1202
2378
1174
55
1242
1152
2307
1137
29
1217
1086
2234
1083
2
1182
1082
2109
1050
0
1179
1072
2058
876
1136
2473
1061
2035
855
1080
2403
1046
1964
849
994
2054
1006
1955
842
955
1743
1002
1941
794
938
1694
912
1880
567
926
1536
908
1868
543
838
1464
765
1836
467
808
1266
652
1814
438
742
859
624
1684
424
740
411
610
1504
423
678
347
607
1489
374
645
296
568
1459
362
584
264
522
1412
348
513
2423
517
1384
316
392
2366
474
1368
235
354
2352
431
1282
191
334
2204
428
1226
149
323
2169
422
1208
71
267
2112
409
1172
2426
245
1983
315
1161
2315
228
1893
276
1139
2280
203
1667
220
1088
2107
194
1653
198
1075
2027
168
1551
100
1074
1976
164
1535
82
1047
1850
104
1498
79
1023
1808
102
1423
78
991
1633
88
1225
52
976
1612
35
1220
37
969
1443
21
823
25
946
1254
2447
789
13
930
1119
2341
673
921
1013
2263
2071
564
916
690
2251
1926
532
914
681
2188
1776
370
909
599
2097
1759
299
904
269
2079
1488
251
865
2075
1409
122
2375
854
2065
1308
66
2364
839
1972
1276
2464
2316
715
1969
1158
2444
2286
705
1891
1085
2440
2221
703
1788
942
2401
2037
696
1765
277
2334
1865
598
1691
2284
1834
2495
586
1690
2239
1829
2466
579
1649
2238
1767
2422
552
1632
2200
1726
2327
520
1622
2147
1721
2076
499
1595
2040
1718
2012
493
1590
2036
1692
2011
447
1518
2023
1601
1934
439
1487
1984
1553
1803
408
1427
1970
1510
1693
386
1395
1895
1332
1674
375
1373
1809
1309
1605
314
1352
1796
1299
1593
306
1240
1775
1221
1495
303
1109
1741
1100
1493
233
1060
1731
906
1492
83
1040
1730
810
1445
42
997
1611
699
1414
22
956
1598
691
1367
14
947
1562
633
1279
841
1474
2320
580
1255
822
1390
2268
526
1234
806
1338
2252
470
1176
729
1264
2180
468
1048
708
1187
1634
365
1019
578
1154
1458
359
1015
461
1138
1425
230
1000
454
1079
1239
162
840
378
1029
1090
161
814
349
935
483
127
682
322
882
33
96
679
302
869
2405
7
656
214
860
2339
2487
655
105
856
2314
2295
583
70
824
2231
2181
582
802
2229
2171
575
2452
775
2197
2161
527
2115
748
2060
2142
353
1980
745
1912
2141
319
1699
680
1787
2130
160
1020
639
1600
2096
116
937
612
1548
2016
64
403
473
1441
2015
2410
2484
430
1426
1963
2298
2421
414
1403
1933
2288
2354
340
1392
1869
2281
2346
287
1340
1853
2265
2344
216
1292
1817
2245
2283
189
1248
1770
2164
2063
182
1195
1703
2095
2045
63
1178
1568
2039
2007
49
1129
1462
2005
1977
46
1111
1457
1946
1909
1
1039
1189
1917
1849
1030
1110
2293
1786
1831
993
1001
2254
1624
1778
975
953
2226
1608
1695
940
920
2208
1376
1652
892
919
2189
1295
1594
863
874
1947
1205
1569
853
835
1931
1133
1564
767
805
1892
963
1453
711
803
1887
782
1379
664
773
1857
737
1331
572
761
1791
692
1305
501
755
1702
616
1209
463
702
1644
497
1201
455
671
1530
243
1169
391
627
1455
183
1042
280
620
1320
136
1033
260
569
1278
124
911
155
528
1250
2429
758
120
479
1241
2392
751
107
415
1118
2386
713
87
300
1052
2067
649
59
247
1034
2019
603
173
958
2382
1890
551
99
827
2363
1748
545
65
811
2357
1647
458
809
2303
2300
1609
342
727
2064
2258
1372
246
698
1757
2120
1365
207
606
1401
1772
1318
115
591
1355
1560
1297
2432
469
945
1521
1170
2408
356
905
1424
998
2219
344
836
1143
965
2172
320
744
787
895
2152
239
597
723
844
1921
23
387
601
559
1904
328
2465
523
416
1879
171
2080
442
332
1846
80
826
293
317
1705
733
54
2427
304
1563
596
2391
218
1533
2450
157
2194
2313
1512
2400
2165
2470
2068
1503
2233
1987
2445
1638
1473
2199
1884
2436
1613
1411
2123
1825
2323
1162
1374
2102
1734
2318
995
1229
1742
1727
2212
771
1117
1541
1659
2126
902
2489
1519
1648
1996
885
2304
1380
1556
1988
880
2275
1370
1463
1939
637
2178
1232
1450
1875
626
2118
1183
1393
1780
621
2101
1089
1356
1728
516
2072
941
1351
1681
389
1952
923
1325
1640
366
1915
825
1289
1537
307
1842
720
1203
1511
284
1739
667
1173
1454
279
1725
490
1163
1341
159
1710
437
1153
1301
141
1664
398
1038
1284
113
1627
109
1009
563
1579
2430
2013
983
558
1571
2394
1938
972
384
1565
2371
1733
967
263
1542
1937
1675
931
255
1476
1872
1398
891
206
1468
1833
1302
883
89
1265
1707
1191
845
34
1200
1520
1185
654
2415
1065
1204
1069
524
2052
951
1159
1017
514
1978
864
903
1014
503
1671
819
683
889
452
1517
695
166
795
427
973
648
2365
770
407
858
488
2333
549
321
542
484
2273
536
313
388
471
2160
521
281
367
1993
331
2463
210
169
1859
132
2337
154
91
1858
9
2301
112
67
1807
2223
2412
2439
44
1716
2163
1999
1680
32
1626
2032
5
1135
2210
1584
1997
2438
1025
1549
1236
1570
2269
981
1385
1175
1324
2259
234
1272
901
1157
2187
186
1231
896
1113
2093
68
1144
760
846
1919
31
1070
689
800
1903
2350
992
651
571
1761
2168
959
530
265
1676
1950
404
399
229
1416
1881
355
241
156
1378
1753
256
201
2202
1098
1618
254
126
2191
875
1540
108
2151
1650
868
1532
2317
1966
1505
820
1310
1925
1293
1394
766
1228
1845
1223
1257
630
1102
1526
862
986
489
623
1149
421
211
310
440
674
84
114
158
402
509
18
11
2271
170
485
12
2353
2091
10
2069
2431
2338
1894
2455
2044
2399
2140
1843
2437
1958
2214
1766
1362
1043
1344
2127
1329
873
268
985
1800
1795
834
1483
966
1738
486
719
1342
529
1408
464
28
1151
481
1184
2475
2227
272
924
2397
2026
581
95
797
2381
1860
6
786
1898
1749
1267
2459
728
1604
1515
1092
1897
534
2424
1494
970
1862
451
1097
890
1662
1108
426
638
466
746
984
61
546
357
557
333
27
97
295
196
326
