2487
2470
2460
2407
2226
2475
2454
2452
2348
2061
2472
2453
2430
2131
1791
2439
2425
2382
1893
1760
2423
2409
2283
1745
1631
2422
2403
2178
1692
1492
2417
2402
2005
1583
1001
2389
2370
1939
1409
731
2374
2361
1871
1396
646
2368
2290
1828
1166
611
2353
2281
1703
1111
209
2331
2276
1589
1093
2456
2316
2271
1565
945
2438
2306
2230
1530
717
2424
2286
2220
1509
710
2384
2284
2181
1399
709
2338
2277
2166
1327
625
2334
2263
2138
1303
613
2330
2257
2103
1300
414
2260
2245
2093
1191
368
2256
2218
2079
1019
195
2176
2212
2032
998
87
2135
2202
1993
978
2401
2116
2186
1952
921
2365
2091
2175
1906
899
2346
2043
2171
1865
843
2339
2033
2145
1822
716
2333
1940
2144
1731
682
2332
1925
2128
1665
657
2324
1901
2127
1648
373
2320
1873
2114
1626
358
2252
1859
2090
1532
268
2242
1833
2075
1515
138
2232
1829
2072
1504
42
2225
1793
2069
1459
2404
2221
1728
2067
1435
2253
2210
1723
2052
1408
2189
2042
1702
2009
1390
2188
1970
1609
2002
1379
2115
1913
1548
1989
1340
2087
1787
1503
1964
1304
2060
1738
1474
1963
1297
2055
1640
1269
1946
1273
2036
1621
1260
1944
1255
2031
1620
1117
1942
1250
2016
1602
1080
1936
1242
2012
1575
1079
1912
1211
1985
1543
1046
1905
1195
1937
1514
973
1902
1182
1927
1463
960
1890
1174
1899
1422
925
1889
1168
1891
1413
892
1878
1143
1883
1402
890
1856
1129
1857
1374
884
1845
1110
1852
1319
852
1843
1055
1844
1284
837
1841
1022
1815
1270
793
1796
1021
1812
1251
780
1795
972
1798
1230
771
1749
930
1664
1159
551
1722
888
1615
1140
483
1712
839
1555
1075
400
1691
824
1487
1011
359
1687
806
1448
970
325
1683
776
1436
951
319
1669
763
1427
932
278
1616
684
1424
905
271
1594
656
1415
880
260
1574
655
1386
849
248
1573
632
1378
847
174
1567
624
1348
821
170
1566
558
1332
813
152
1556
544
1308
685
2485
1526
535
1271
652
2467
1525
475
1240
645
2448
1511
460
1198
640
2429
1476
448
1186
574
2427
1457
429
1146
498
2408
1456
263
1133
493
2405
1428
253
1103
469
2372
1384
166
1043
409
2364
1373
163
1002
347
2358
1372
124
997
346
2315
1366
110
980
344
2273
1362
107
873
334
2170
1354
88
861
222
2163
1343
85
845
190
2160
1335
81
788
154
2153
1334
78
774
129
2122
1325
75
765
60
2068
1324
2483
735
56
2023
1306
2450
725
2496
1958
1302
2441
700
2406
1956
1286
2436
653
2363
1954
1275
2428
647
2309
1921
1264
2343
603
2292
1904
1205
2295
528
2268
1895
1204
2140
481
2199
1892
1170
2034
480
2194
1802
1154
1910
456
2184
1707
1124
1894
455
2157
1690
1114
1879
452
2088
1686
1082
1799
397
2073
1685
1074
1781
388
2046
1682
1072
1773
251
2014
1670
1067
1639
188
2003
1662
1023
1607
165
1951
1618
999
1587
103
1934
1542
953
1392
54
1881
1537
898
1307
29
1821
1528
864
1293
2482
1806
1507
856
1225
2468
1778
1501
830
1223
2458
1767
1483
819
1189
2449
1757
1461
818
1135
2432
1727
1454
752
1125
2394
1725
1353
720
1097
2383
1666
1346
687
1095
2354
1656
1290
680
1091
2323
1654
1283
651
1045
2318
1635
1221
641
1017
2310
1595
1220
638
1007
2308
1546
1214
619
994
2307
1529
1160
617
992
2299
1527
1145
607
991
2296
1513
1102
587
943
2269
1508
1096
586
822
2244
1475
1053
554
817
2237
1460
1031
553
748
2208
1426
1020
549
722
2206
1380
993
529
572
2187
1375
987
514
510
2180
1321
850
508
488
2136
1287
842
474
471
2125
1263
832
458
394
2109
1232
828
449
292
2081
1224
781
446
225
2030
1212
769
443
204
2026
1192
762
440
178
2024
1179
753
438
6
2019
1115
747
430
2493
2001
1105
728
415
2469
1995
1094
707
408
2400
1977
1065
591
376
2395
1924
1056
532
372
2357
1908
1018
523
363
2349
1898
995
507
351
2289
1896
961
465
336
2274
1875
955
447
326
2267
1794
948
416
317
2197
1768
878
407
315
2183
1764
835
385
312
2179
1742
834
356
303
2113
1735
803
318
294
2107
1724
740
308
293
2105
1717
702
202
284
2092
1705
689
200
283
2045
1663
674
153
265
2025
1638
639
150
261
1971
1632
633
136
259
1886
1627
581
123
257
1861
1612
525
10
250
1840
1604
497
2494
239
1772
1601
496
2461
238
1696
1597
482
2437
221
1675
1571
436
2410
214
1672
1557
418
2390
211
1634
1517
401
2386
210
1633
1494
333
2375
147
1608
1479
290
2336
141
1564
1471
255
2302
128
1540
1449
194
2262
89
1522
1441
180
2227
62
1489
1429
118
2205
52
1446
1403
70
2193
22
1445
1389
44
2173
21
1410
1385
43
2151
14
1365
1357
36
2133
5
1330
1317
2
2129
2421
1311
1281
2495
2102
2355
1277
1239
2444
2098
2301
1274
1235
2391
2086
2298
1268
1213
2371
2066
2236
1249
1200
2362
2039
2095
1246
1161
2293
2000
2004
1215
1157
2288
1965
1953
1202
1100
2201
1950
1941
1201
1089
2154
1782
1919
1178
1083
2082
1779
1909
1139
1060
2070
1719
1887
1121
1051
2008
1715
1853
1116
1035
1988
1679
1846
1099
1027
1983
1624
1831
1062
1008
1973
1610
1826
990
977
1967
1572
1817
965
919
1961
1570
1775
947
907
1948
1563
1756
946
903
1911
1562
1748
920
879
1870
1541
1718
900
854
1869
1531
1684
887
805
1854
1467
1680
876
795
1837
1466
1658
874
782
1801
1451
1655
872
742
1744
1432
1647
867
686
1730
1417
1606
838
664
1721
1414
1547
794
654
1704
1406
1498
751
627
1701
1371
1493
729
579
1678
1339
1472
683
557
1676
1280
1468
681
537
1646
1265
1434
675
536
1593
1234
1367
643
476
1569
1233
1301
578
464
1561
1226
1298
573
461
1535
1222
1248
570
444
1491
1169
1171
559
442
1439
1164
1156
548
428
1382
1147
1153
524
426
1361
1138
1151
522
405
1359
1126
1069
503
381
1352
1120
1054
487
360
1331
1112
1040
478
332
1313
1092
966
468
327
1276
1087
894
450
314
1258
1076
893
435
272
1194
1016
789
423
256
1078
1013
777
379
254
1068
988
739
377
183
964
957
737
353
158
959
935
718
306
104
924
909
705
302
97
882
851
660
291
53
881
846
592
275
49
841
820
590
264
2473
836
816
538
244
2369
831
810
520
232
2341
823
809
466
229
2304
802
799
380
219
2297
798
790
355
212
2285
797
759
330
196
2282
778
746
329
186
2266
775
736
298
164
2250
761
721
228
137
2158
757
712
208
126
2149
738
699
203
119
2132
697
690
185
109
2123
679
667
171
59
2111
670
621
149
58
2099
665
575
120
11
2074
661
539
99
2488
2027
658
489
92
2443
2013
634
486
82
2431
1996
623
424
37
2379
1994
598
413
2477
2366
1978
594
410
2476
2356
1959
576
399
2471
2327
1943
566
328
2352
2321
1897
562
307
2314
2249
1816
546
139
2182
2238
1813
502
132
2139
2234
1777
484
117
2058
2214
1771
470
45
2037
2204
1694
382
40
2020
2192
1671
343
35
1990
2185
1628
341
25
1969
2167
1622
288
12
1962
2134
1478
274
2499
1932
2117
1447
231
2492
1930
2106
1419
223
2486
1830
2104
1418
220
2481
1805
2100
1407
184
2462
1789
2096
1393
181
2446
1747
2084
1341
101
2416
1739
2064
1315
100
2387
1653
2057
1305
94
2385
1497
2050
1295
74
2344
1469
2007
1257
72
2322
1465
1999
1253
39
2317
1347
1998
1247
30
2313
1336
1986
1193
1
2291
1312
1980
1187
2498
2287
1218
1972
1185
2480
2259
1014
1968
1163
2451
2240
968
1949
1162
2419
2229
962
1935
1152
2398
2219
942
1929
1150
2335
2198
933
1916
1128
2319
2190
923
1903
1108
2311
2174
859
1858
1084
2278
2165
807
1807
1077
2272
2156
784
1790
1061
2265
2101
783
1769
1049
2254
2078
773
1766
1009
2246
2077
768
1765
1003
2243
2054
734
1751
969
2207
1997
733
1732
956
2169
1992
730
1726
937
2150
1991
671
1697
934
2083
1982
584
1689
916
2080
1926
513
1619
883
2071
1922
512
1614
875
2059
1917
434
1603
871
2048
1900
395
1596
866
2028
1885
367
1582
862
2015
1877
313
1554
855
1979
1876
241
1518
711
1975
1850
240
1510
701
1915
1842
236
1462
696
1868
1827
197
1455
692
1848
1811
177
1450
688
1824
1785
151
1423
673
1797
1762
106
1394
635
1753
1720
96
1391
596
1740
1714
64
1383
569
1736
1713
32
1337
563
1710
1699
2465
1320
543
1709
1625
2433
1299
542
1698
1623
2412
1282
504
1693
1605
2359
1279
499
1667
1598
2350
1278
473
1659
1592
2329
1272
467
1649
1568
2326
1254
453
1599
1533
2213
1231
402
1585
1519
2172
1197
370
1584
1512
2162
1176
369
1539
1499
2159
1173
352
1505
1496
2112
1137
322
1502
1486
2085
1118
311
1495
1485
2018
1088
310
1484
1480
1947
1081
289
1482
1470
1792
1063
279
1458
1444
1774
1052
258
1438
1411
1733
1033
143
1430
1398
1661
1025
112
1416
1397
1651
979
76
1405
1387
1581
971
66
1404
1342
1559
963
46
1401
1333
1558
944
27
1376
1322
1521
929
2489
1364
1318
1520
915
2478
1291
1244
1452
912
2463
1288
1241
1433
902
2447
1259
1238
1370
895
2413
1237
1227
1338
863
2393
1217
1209
1309
764
2373
1216
1203
1294
714
2360
1207
1188
1229
703
2337
1158
1132
1228
677
2300
1123
1109
1184
668
2258
1119
1098
1175
659
2248
1085
1059
1172
649
2247
1064
1042
1136
626
2211
1057
1037
1131
616
2196
1038
989
1070
595
2195
1036
986
1058
556
2191
1004
981
1029
521
2168
985
967
976
518
2152
982
936
857
501
2148
974
928
814
500
2142
940
908
808
485
2118
939
869
770
479
2051
926
848
708
432
2029
917
840
631
411
2006
914
833
614
392
1976
913
826
568
383
1960
886
800
459
366
1933
877
766
421
339
1872
829
727
371
338
1867
815
719
335
266
1823
812
648
304
252
1810
744
612
297
215
1809
724
601
273
157
1803
723
583
267
68
1788
706
561
247
38
1780
698
555
242
15
1776
672
552
198
8
1759
622
550
172
2491
1754
620
547
159
2445
1746
609
545
155
2435
1741
600
530
125
2418
1716
593
516
102
2396
1706
534
495
91
2345
1700
531
472
84
2312
1681
527
425
79
2280
1660
494
412
77
2119
1657
445
406
63
2094
1644
441
403
50
2062
1630
439
398
47
2056
1613
390
375
13
1981
1588
374
354
2497
1945
1545
362
337
2490
1864
1477
340
331
2459
1860
1473
321
316
2378
1838
1442
300
296
2376
1814
1421
287
286
2325
1800
1369
277
269
2275
1786
1314
276
245
2239
1677
1310
243
234
2233
1600
1289
224
199
2223
1560
1245
201
193
2209
1538
1243
191
176
2155
1437
1199
175
140
1957
1377
1155
173
131
1931
1285
1141
162
113
1866
1267
1130
156
111
1836
1210
1101
145
95
1835
1149
1071
105
93
1832
1113
1015
65
61
1825
1106
1005
57
20
1783
1026
950
48
17
1758
1012
931
28
0
1711
1010
910
26
2479
1668
1006
868
19
2457
1652
958
844
9
2455
1641
949
792
2484
2420
1591
906
786
2464
2414
1578
891
695
2415
2397
1550
760
694
2392
2351
1544
750
662
2377
2340
1524
741
589
2347
2270
1420
713
588
2342
2255
1351
642
541
2305
2228
1328
636
517
2303
2222
1323
585
506
2294
2177
1256
463
462
2224
2164
1236
427
419
2203
2137
1206
404
389
2146
2120
1142
393
384
2143
2089
1050
364
361
2121
2076
1034
349
348
2097
2065
1000
342
301
2063
2047
954
323
235
2041
2035
941
320
213
2017
1987
927
305
207
1966
1918
896
282
160
1938
1884
860
246
148
1923
1880
853
217
115
1862
1855
785
206
114
1849
1847
758
187
69
1819
1770
745
169
34
1784
1763
693
146
31
1755
1750
676
127
23
1752
1734
650
121
18
1729
1708
629
90
2466
1695
1688
615
83
2426
1650
1636
610
2442
2381
1645
1611
577
2434
2279
1643
1577
564
2399
2261
1637
1576
526
2388
2241
1580
1553
509
2380
2231
1579
1516
454
2235
2161
1552
1464
451
2217
2147
1551
1453
387
2216
2126
1534
1400
280
2200
2124
1490
1358
237
2141
2110
1488
1355
230
2130
2053
1431
1350
182
2049
2038
1425
1344
98
2040
2010
1412
1326
86
2022
1974
1381
1316
73
1955
1882
1368
1252
71
1928
1874
1356
1167
41
1914
1863
1349
1148
3
1851
1820
1266
1144
2474
1839
1808
1261
1134
2440
1818
1761
1196
1127
2411
1674
1590
1190
1122
2367
1642
1586
1181
1107
2328
1629
1523
1165
1073
2264
1536
1506
1090
1039
2251
1500
1443
1066
1032
2215
1440
1395
1047
1030
2108
1388
1363
1028
1024
2044
1360
1345
983
889
2021
1296
1292
952
865
2011
1219
1208
938
796
1984
1183
1044
885
787
1920
1180
911
870
779
1907
1177
904
825
772
1888
1104
858
791
756
1834
1048
827
767
691
1804
996
804
755
678
1743
975
754
715
663
1737
922
732
644
582
1673
897
726
608
571
1617
749
704
604
567
1549
743
666
602
540
1481
637
606
580
519
1329
618
605
560
511
1262
599
533
490
420
1086
597
491
378
365
1041
565
433
357
350
984
515
431
345
309
918
505
422
299
295
901
492
417
285
281
811
477
396
270
233
801
457
391
262
205
669
437
324
249
179
630
227
226
144
134
628
218
189
135
133
386
216
168
130
116
192
142
122
80
67
167
108
55
51
7
161
33
24
16
4
