1020
194
1387
7
174
229
1238
1516
661
2065
765
336
1514
1734
35
294
1445
179
449
1589
1983
506
1042
917
866
1797
1631
228
1694
2241
854
893
2406
1563
1233
288
1432
1274
1164
635
753
931
2182
2143
802
274
1996
2419
258
903
1967
993
673
558
2445
1471
1574
70
2334
517
394
1691
2017
6
377
822
267
1195
2286
1943
1678
857
1587
1343
2066
1982
1902
15
926
1149
1796
1278
167
714
694
138
1067
2496
2338
1773
2272
2261
1147
1660
2213
172
838
1654
2177
124
1707
1701
1162
227
2030
2310
1656
1101
2196
1800
1231
1029
1817
1761
230
940
1593
1936
78
743
1251
203
800
1840
1519
2240
291
2277
1453
2274
8
68
1641
1955
834
65
2407
543
1459
1908
1690
970
1234
2003
1484
862
1057
2170
141
2061
454
125
557
1989
2390
568
2475
485
1287
1630
632
27
4
2282
2217
1356
2220
679
1261
1792
1005
1981
615
2156
50
831
718
357
601
2268
1359
1054
849
2064
1417
28
12
1275
1786
1502
621
1710
2284
686
1872
687
1868
2082
1292
1994
222
1357
1434
2130
1263
995
2028
1945
987
1166
1778
440
1203
1867
142
1914
878
1125
352
638
1122
39
700
1419
659
1975
610
1718
2399
1071
1711
1570
1901
571
2340
1765
102
1211
220
914
305
315
2403
1643
1305
466
285
1998
1610
1602
479
2145
642
1461
151
823
668
2462
855
2148
890
498
969
1065
64
144
2304
1444
953
1392
2314
239
43
2006
2159
1745
1567
2489
2413
967
1476
1661
1551
2019
2432
2223
1404
486
234
1190
933
1573
1081
468
2041
389
2152
2313
1959
964
2042
865
481
1499
372
887
600
1517
2379
368
252
2409
2383
2245
1091
1528
1702
685
95
622
880
1934
81
429
1241
1410
1340
1863
913
884
1105
500
860
116
281
370
777
1590
847
1952
1611
596
120
451
2387
1367
1022
2036
382
1838
488
1774
100
2441
612
1616
1061
1463
259
1394
1493
1150
2198
96
1306
1784
697
1017
1008
1917
795
2257
253
1098
2167
2332
2414
2199
270
123
983
2026
1448
207
2410
1494
1827
1599
1277
1649
273
2201
1696
1427
986
925
1525
168
650
2001
1941
1912
1824
2438
1555
751
797
952
892
1653
1571
1617
79
973
1452
1846
2194
2499
869
2255
1635
1047
1728
2138
1777
247
1362
1095
1834
593
1256
2417
1200
374
1588
509
1961
2062
1947
1458
1731
163
651
2031
807
2450
379
974
244
1426
1391
676
1566
2055
2401
338
905
1442
1753
951
104
827
929
2301
301
2154
2120
1170
1380
1235
1009
603
1212
1885
145
1107
1815
628
2429
166
1128
609
1266
1255
1606
2071
2473
981
1138
1088
1409
835
572
1849
2336
263
2311
945
1524
1700
1180
224
255
1829
618
1581
257
962
1869
18
1623
2290
241
1799
313
1110
796
1290
1084
1520
525
2356
574
340
309
1429
534
86
928
2118
965
1870
963
1254
768
2125
423
1930
1922
722
1014
779
1399
2134
617
2370
583
625
1412
2151
2088
2348
954
214
1268
2424
551
1202
2477
2039
115
655
1430
988
1252
541
1375
1915
2251
1521
1327
1816
20
1995
709
1119
1553
2187
2054
1723
2248
1355
1850
1515
1279
1965
459
1260
2147
1663
748
1439
1353
1347
1264
1045
2160
1729
2034
48
1447
567
2058
519
1226
2025
1886
1636
1269
391
46
502
1550
1443
94
1925
2442
923
1464
1056
1112
1244
2192
23
2451
1963
994
2114
1420
2069
2481
522
1725
2004
724
2342
2331
1932
1113
733
2232
566
1425
504
1973
2237
2144
2044
177
911
870
128
2377
955
1835
2252
2106
1970
726
1720
960
1675
535
1578
507
501
1451
1295
2335
1667
2102
1296
33
85
447
2439
527
2210
1002
393
1974
587
1312
2491
2423
31
2049
2068
1440
1672
906
2099
1582
1229
1695
2024
2070
1194
32
1
2038
1844
2365
2276
225
1540
2287
443
975
2434
1352
2291
1692
2095
1794
1240
2337
129
1236
60
2235
131
1346
211
1039
1877
92
1187
218
1706
212
577
1089
915
791
744
2279
2002
140
731
1787
1971
490
1487
2000
494
2010
2164
1650
1958
1876
91
2173
279
383
1545
1467
1737
2285
644
1913
300
1219
547
2119
872
2205
2254
464
1748
1880
1964
2456
75
1331
331
1006
146
1214
809
863
626
1389
1920
1066
2263
246
2459
958
1318
2045
764
1529
2053
250
858
1832
1218
1468
1547
649
133
189
178
701
2231
1307
2256
2057
1847
656
1595
400
93
1291
2443
240
2078
292
2458
1482
1431
681
1680
1739
1037
716
280
2060
36
1798
14
1169
2374
1103
334
57
1245
1626
1782
775
2218
989
782
2178
619
982
1673
210
1537
562
545
930
1704
202
1511
2328
1685
1586
1382
411
2209
1781
332
663
2391
607
299
825
432
1865
844
1683
1910
103
1351
886
1246
2347
1576
648
275
487
154
2021
254
1618
42
319
302
1136
467
1411
217
216
2373
1594
2035
2135
1992
2411
2321
1142
2353
1053
2193
631
378
242
1615
101
1376
2343
569
1063
1557
2270
2361
1488
1893
1652
943
1614
1990
1422
2420
414
265
249
2098
1372
723
941
1285
303
346
2216
730
2007
1449
1811
1271
1771
1243
484
2433
512
1977
29
832
19
183
977
1864
1697
728
2142
51
680
662
2090
2188
1605
735
405
284
164
37
89
511
1612
759
2219
71
310
704
52
1322
363
475
518
876
444
2395
90
286
1639
1460
2113
2020
856
1852
2372
1953
1791
170
2093
441
737
433
321
1298
457
1172
1280
1004
495
1851
497
564
2171
1397
318
1928
846
2478
859
633
939
950
760
1716
586
353
271
1670
772
480
1386
2191
208
520
1754
1882
49
137
1812
329
1132
2298
2265
1621
540
563
643
2309
1809
1262
182
2474
1857
595
2306
1059
1421
435
1032
1076
1093
1457
2280
1603
1058
2215
1286
829
1873
1156
811
1385
891
935
1360
1722
235
1141
2447
588
2101
688
223
341
2139
1717
1825
647
108
1572
948
2357
473
664
826
1085
1308
845
1273
833
749
729
2449
373
1131
1752
350
1962
1629
1632
2076
1579
335
1619
1562
1163
2079
1159
752
1228
445
134
1176
1732
16
1568
852
1751
80
691
1883
1204
2360
741
2085
1299
1301
5
1666
1677
1388
2027
1158
1108
1911
932
1486
684
778
634
119
1622
1001
330
1145
1102
754
1474
2355
2236
816
1498
1828
1335
317
2015
1501
55
799
354
1038
2181
463
1092
599
1030
786
1193
934
2116
1735
2288
2329
727
380
695
2405
1935
1043
360
2359
1924
1223
191
113
1179
606
882
1699
2467
787
712
1114
803
1465
1120
196
175
1000
1871
375
1189
658
552
1984
2011
1814
721
1854
1473
455
1921
2075
1969
2247
1897
771
387
1668
2208
2295
2029
413
938
491
781
344
1986
2018
580
608
2498
1686
2136
585
1207
2472
1651
2327
711
2319
1957
1077
2059
150
1025
2063
717
1538
1129
215
873
682
1527
1597
2320
526
24
402
549
2488
2227
1665
1033
660
2483
2485
0
998
1565
1548
674
439
875
1764
282
739
1349
1679
576
1719
149
1604
1326
399
1923
1805
1988
262
1175
385
30
637
1978
713
812
2351
698
877
469
1714
322
582
295
1148
514
73
2318
461
2422
1436
304
1174
1344
355
1373
2346
1948
87
1470
25
1321
670
1139
376
1933
2486
409
2051
2186
2446
287
1338
1221
1483
245
516
578
1300
105
1681
428
2303
1968
1671
690
1034
590
921
13
1265
1160
708
1015
1184
1323
221
277
2122
169
1740
624
407
742
1640
657
1843
401
2183
442
706
909
2150
843
575
1481
1884
1393
505
1803
1069
1368
1721
1744
152
783
693
815
77
369
1361
2412
1130
1818
640
2087
523
1741
1036
755
1954
396
1836
1213
2382
1441
1446
421
1703
1055
2368
1999
2140
1365
1724
2415
477
110
1075
117
2204
1509
1328
1407
155
1270
1541
260
1500
2103
1438
1127
1374
594
162
841
2127
1185
1215
1535
1644
1789
404
1049
555
1841
613
1225
1658
966
1890
1760
359
532
333
1749
2455
2108
1801
883
537
356
1478
2129
261
367
1051
452
272
2352
1879
2037
689
666
2239
1007
1510
47
448
1230
187
1070
410
503
1413
492
2185
1165
2324
2234
2040
1123
2378
1939
850
936
1381
1048
780
896
1916
66
1205
2107
2369
623
2476
1197
195
1712
949
1747
1682
408
165
1775
1790
1276
895
1337
2169
548
2133
1662
419
1354
82
1813
1507
1096
1904
1173
1807
627
306
2416
1137
1334
34
173
818
979
554
1627
1543
1027
2033
2453
1938
2096
478
74
1559
1062
1918
1181
804
900
1018
2083
2490
1239
824
550
1257
908
1891
1598
186
427
2052
2225
326
1743
1762
1395
1899
1532
1082
143
2367
1040
2305
2110
2418
2384
456
1533
1415
750
767
1099
2165
67
188
513
784
738
592
1645
2211
1693
899
1188
732
446
1768
2168
2091
366
997
61
1310
707
1242
2258
206
2322
1887
1684
1687
1757
1003
1325
1991
904
1874
2089
1806
524
232
56
1708
1377
1227
160
2364
1633
2262
2330
1676
842
499
1016
1763
2479
1937
2162
589
1259
2158
766
942
2203
1333
1183
879
472
41
1079
1364
1905
361
1366
897
1713
1591
1124
789
1155
669
602
122
1433
1736
199
560
533
59
2175
1272
2487
2246
1206
793
1072
817
734
2444
2128
1011
54
1987
745
342
2253
1258
62
1898
2067
1021
349
1303
337
2448
1853
794
2084
1350
1094
278
1041
2179
2302
2312
1554
1966
1370
2292
556
1546
861
1104
1506
999
1416
347
2269
821
2363
1151
325
2344
705
611
990
2176
2354
1192
2464
1600
72
130
757
1919
1153
2259
1401
692
652
98
2009
808
1738
1450
848
1222
2022
2465
1485
157
1518
1390
1583
365
1220
874
1297
185
339
2471
1526
1424
2358
1522
1929
1073
1097
1316
471
2244
1584
2283
515
1993
1026
198
1060
2238
2077
121
1927
819
868
1505
2115
699
158
1314
2300
1979
1769
919
636
9
1750
290
205
1121
1191
1019
1944
1028
544
2243
1152
147
2207
181
1779
508
2214
2468
327
323
675
107
898
2281
1495
1560
1648
1942
1542
1294
2470
21
553
947
1950
1313
1281
2299
1596
171
851
1758
1766
976
496
416
1117
1050
462
1224
1044
1607
529
1080
1523
1795
2398
112
1282
1822
2454
1647
1288
2380
1140
226
646
2297
1759
591
885
243
2341
1926
2157
2289
106
437
2250
1770
2293
1793
1064
653
530
1878
539
1455
395
2271
710
1052
109
1592
1489
565
758
959
671
763
311
233
2109
1808
1730
1536
474
2349
2005
430
1755
1143
324
2046
297
1688
2184
773
957
746
1949
1469
2047
97
1780
1398
2226
1549
630
135
2131
1552
1862
536
2275
1785
351
1861
1601
2200
1046
1087
1772
1746
2174
1348
2294
1512
3
1216
2224
740
2495
1826
2117
1267
2484
1198
971
828
2396
2233
992
2480
192
1575
362
2366
289
1396
665
2386
2296
1319
2166
1293
725
1513
431
1201
1492
1118
2111
2081
1858
44
1167
1558
114
961
2206
639
63
1384
470
801
1569
2013
2202
2308
2230
204
1709
1154
2172
1332
1311
1249
2221
1624
1423
864
2350
2074
384
236
788
1403
99
1802
1320
1250
2278
2392
747
2094
343
312
927
546
1889
1232
156
1168
1845
1217
2189
889
972
1178
2032
1317
269
1783
1477
901
1012
912
598
1503
1544
193
1907
2016
2112
438
2307
159
1860
2385
1810
1659
1756
776
2212
209
2100
1074
1210
1946
2339
1831
1837
1508
902
2493
476
1475
2325
1462
11
139
69
792
2326
2466
422
1580
798
1378
231
1157
1497
1209
1480
1363
1881
1196
434
293
1171
2056
1848
702
937
2266
720
248
1035
1237
386
251
762
1491
40
266
678
614
2389
458
1208
17
985
256
1496
573
2421
2460
1820
1414
1896
910
1892
814
213
1985
2104
2153
538
1819
1875
597
1402
790
581
2048
2431
785
1539
2388
403
1585
2163
2402
2463
510
1931
148
1534
531
944
58
1106
450
2452
1302
307
2073
314
1186
2362
1531
2121
2376
715
136
2023
836
320
719
126
1909
1369
1788
190
2394
677
2008
371
1669
1638
161
2197
1804
1664
559
2469
2012
2
1894
1655
1620
1727
1609
1400
398
2497
667
176
1100
1646
918
358
2317
264
2482
2141
2092
2161
1083
1031
2155
1342
1556
1608
453
605
2137
1674
1435
703
1405
1024
1358
645
1086
388
237
308
201
810
1960
840
2381
1161
805
268
830
22
424
2273
2260
1561
1383
1733
907
420
1705
1284
1895
1940
1956
118
920
76
1253
1177
1109
1906
946
1900
1309
528
769
2249
1336
127
1341
1068
1715
1135
2105
1428
45
184
570
1466
2195
2126
980
1823
381
238
2426
2014
620
2440
219
1144
839
465
1859
1830
2494
2371
38
2404
1304
2050
1698
756
956
2427
2264
1345
654
991
1330
978
2097
1283
1115
1199
390
1078
2435
1657
2228
1856
1379
2492
2375
483
83
436
761
1010
629
426
406
922
1133
482
1146
1564
2086
1637
415
736
1767
616
672
493
132
806
1903
1023
364
1289
2430
2400
2333
1866
1689
2190
1530
26
1126
2393
1577
1456
1888
1247
2425
397
1997
2080
984
2222
770
417
641
996
1951
2180
1111
418
1329
837
1339
153
2146
2461
924
1980
2316
296
820
2123
84
521
1090
197
774
1976
2315
283
1776
1454
696
584
813
1833
298
888
2124
1613
542
1013
1437
276
2428
2072
1972
867
968
111
1248
894
348
1726
345
1742
1855
2436
1418
1134
683
1642
392
604
2457
180
1406
2267
579
1839
1625
316
200
460
1472
561
1315
916
2242
2408
1628
1490
1408
1479
88
1182
412
489
1842
1634
10
425
871
1324
2132
1821
2229
328
2149
881
2397
53
2323
1116
1504
853
1371
2043
2437
2345
