2323
571
1476
1439
2058
1516
1010
2104
27
647
955
1521
2331
1891
2018
1316
1708
1505
140
707
1812
343
2460
835
1615
1831
1739
2443
59
698
467
420
1069
2066
1914
2226
1538
1601
1273
147
713
1997
635
2016
1302
2343
1462
1153
1563
994
624
1492
1414
79
814
892
1932
1263
444
1087
744
2433
1733
407
2168
634
345
134
903
1933
438
1349
601
469
1838
1627
102
273
642
2385
241
1068
1717
717
132
806
1420
2045
408
2094
1331
1534
2296
736
1285
954
146
2192
2245
985
1928
1416
266
1829
1889
1137
979
2254
1644
2010
1792
1198
43
2311
2113
750
498
1905
19
2078
1145
1218
619
1690
353
133
293
874
380
144
70
2398
1952
1334
808
1912
2156
1827
758
1900
1110
1748
2253
1660
1577
2368
451
622
1574
52
1147
1515
948
675
1094
796
99
2393
1714
918
1096
2121
2042
37
755
208
163
2377
522
2348
1668
277
1580
1433
202
1837
716
250
1769
365
1402
1667
303
2108
49
703
1927
1030
109
2012
1647
939
1701
1328
1455
1659
640
2126
2345
576
437
1168
1893
963
641
633
2210
1713
426
1193
1872
1973
88
1043
2166
1465
234
1619
1925
1913
162
1901
300
178
2061
604
1011
2092
949
2142
711
2134
849
2205
183
1229
1568
924
1233
2101
1951
1422
284
826
443
1585
1013
938
369
984
77
2380
1879
2344
1949
756
2312
2318
1108
947
887
87
570
1560
2047
1677
2097
608
86
1673
1454
2324
2474
2372
679
1202
1840
559
73
2178
665
793
1944
1539
399
1665
1445
1077
894
1309
17
2478
120
664
548
1100
1846
1865
870
715
2167
771
1366
130
1878
2229
138
461
2408
1945
1138
76
1763
1090
586
295
1688
552
1297
1406
151
2143
2297
1039
1142
1964
1596
1073
574
1133
1982
2075
1049
1159
680
11
197
1974
2137
1357
2005
909
1592
2213
1562
1105
1930
2325
1509
661
454
1956
1942
524
759
1996
997
1381
274
2358
1274
265
1287
381
595
1965
2030
243
291
1070
1890
1064
981
219
538
752
1576
2069
111
1875
1456
2468
1076
1082
2149
834
2013
543
815
504
618
1367
252
1541
1497
2009
1097
564
1058
56
794
1556
2473
2204
2407
2271
1761
1650
220
799
1358
1185
1776
2364
1166
1252
1212
2163
1369
2248
803
1170
1953
859
2379
731
1549
1134
2410
78
1197
1955
1551
1322
184
2350
2174
2386
2356
433
360
298
2427
48
2180
1834
1709
425
1423
2038
978
1978
930
1511
788
1017
733
1308
905
2115
1542
2212
1163
1032
932
697
2029
1161
473
1359
2284
154
45
222
308
1653
2021
404
1922
121
681
2255
1921
181
424
721
89
2295
1224
2037
1847
1616
170
2044
708
382
310
1342
216
1262
2283
229
2194
1393
2138
206
429
2369
1132
1799
1251
1743
726
1478
85
1074
1874
649
888
247
462
1902
741
352
65
2413
953
2419
2086
868
2493
768
1293
1587
2206
1340
863
958
1643
1687
1758
1737
223
2322
474
2346
1977
484
2022
1382
376
2454
911
1621
470
797
1437
878
1774
370
242
1477
846
851
471
1998
2321
518
881
2303
205
2132
520
1935
174
1276
476
2140
673
2193
629
136
2081
336
1258
772
1803
496
1272
2259
9
807
485
1512
2219
1828
2400
1540
745
775
964
2456
2100
139
1728
2074
1246
773
840
1637
1486
2423
2028
1388
2477
779
1356
44
1459
1172
2287
655
1120
2095
1686
982
1535
767
2105
1738
1232
1125
2165
2227
2299
580
1907
2148
1379
1035
1685
2123
1115
1466
1002
639
1368
292
1191
671
1676
902
1696
71
1027
1059
2169
584
402
2171
946
286
431
842
516
700
351
1245
368
47
829
1207
2436
2277
1508
384
68
1732
1536
1284
95
1867
2103
1219
1558
1937
90
837
1391
735
1959
50
2383
2264
1863
2403
1434
1018
1066
1926
1353
436
1749
2365
2263
1835
506
606
1332
495
1301
3
872
1377
738
1206
334
646
1223
1441
486
1605
1341
2329
1804
189
1089
657
1924
2035
2309
871
1602
1083
828
1033
1880
1056
2384
529
1682
2157
396
1298
987
307
481
950
452
850
1666
2481
1280
2127
430
2093
1321
306
2251
2357
1969
2
209
1581
2442
287
2401
1620
390
927
999
562
1528
858
110
1989
1603
2007
290
1826
1241
2114
1173
83
2425
332
723
1707
2342
2371
1814
1051
1657
1457
1820
2261
1991
1639
1514
791
2269
2409
427
2394
1664
1841
2043
1370
782
566
1607
1808
636
1842
563
1606
2268
1009
413
1499
2208
1772
2017
489
2440
2024
519
1693
728
1444
1473
1187
531
935
1418
1655
1020
554
2155
2198
550
1853
2450
886
701
2354
125
415
1397
1517
1351
347
998
1028
1080
2406
28
609
1171
12
1908
652
860
2216
632
51
8
2183
1510
1174
386
637
1729
248
1101
1216
259
323
832
1036
46
2489
2241
616
2020
2032
100
500
551
1346
857
2429
1555
167
1242
1545
338
0
397
1140
1575
1777
1987
1816
1595
1554
1628
617
2243
2399
1884
1464
1176
1719
2026
2120
1825
901
1365
398
1691
683
853
591
2421
1024
2125
502
2360
267
1721
1194
2362
361
1663
615
1126
1790
528
592
1950
879
434
838
1975
269
525
1920
331
818
75
1255
39
2162
862
1909
645
2188
1892
1711
1824
1371
682
1614
282
387
650
2056
1440
2202
275
1850
1694
2128
1026
730
1038
1361
1118
1179
1680
377
1751
1419
2285
494
2136
1325
1373
1706
1333
1886
1021
281
1546
1291
1662
1306
1364
587
254
13
1136
348
1116
472
2209
1760
805
729
1131
379
1113
142
466
875
1430
792
1078
1779
92
1079
890
450
1866
1610
2059
105
1744
1793
1267
1613
1184
1336
1703
1530
1286
2307
2083
861
749
326
2110
2187
2326
2390
2146
1873
2228
1844
2019
610
25
41
186
2224
2402
866
1746
161
725
2300
944
1061
1160
2260
1773
58
354
2122
904
2411
864
1303
285
314
710
696
515
2266
1282
526
2135
839
2288
2291
1938
492
1735
177
1474
2199
970
1315
1022
2186
2475
795
126
2415
2153
1502
967
201
2195
1839
1442
1720
493
1640
309
1150
2496
512
1522
2462
2328
1289
1504
1661
31
1119
972
936
544
1724
1634
463
145
1851
945
460
567
1062
1006
196
579
651
2305
2396
123
2314
1425
2262
774
1954
411
372
1203
441
1671
836
638
941
1740
2374
1599
1264
1129
63
1917
1029
237
912
669
588
2382
2392
1182
468
2039
1296
1376
1404
18
1424
2150
1692
2367
2147
200
2336
80
569
2363
712
1781
1802
1918
490
1931
1775
2004
1995
2337
2089
1591
2275
191
1768
210
992
94
804
1355
1386
1318
400
477
895
375
667
2111
2200
2214
575
1767
165
236
2451
841
1877
1632
159
101
812
1270
2080
465
2302
883
980
942
1188
975
2144
1518
1531
770
819
91
2355
709
272
2375
1869
1494
1822
1390
1963
541
2286
499
2051
884
988
612
743
1047
238
1192
1275
1130
1843
1238
780
720
848
1795
1787
843
249
2330
2352
1557
240
1651
676
1754
1253
1992
1525
1910
1250
1741
2201
822
215
1704
965
1520
1712
2060
211
801
1383
1833
2316
35
1329
2106
289
685
746
1290
962
558
258
1343
321
118
1375
2160
573
2472
364
1385
961
1999
1919
1279
865
1904
1204
648
1112
560
2050
2420
2130
553
1055
1915
14
1081
2353
2177
1678
2211
1268
1210
856
228
621
1227
1054
2378
1102
2230
1314
1641
1259
1579
653
2490
1656
1362
1970
1311
534
1503
2218
694
581
790
414
1154
1573
691
2014
2238
1598
1565
727
2412
1923
2002
686
2179
97
1623
1702
1481
644
934
2476
131
2315
2332
1589
719
1427
2310
594
1175
342
1645
244
417
1570
923
64
1780
2090
1731
1449
2236
1861
74
1050
630
135
600
119
2233
1292
1609
5
582
2397
2480
1578
2008
2488
2065
789
446
488
2197
395
785
412
1752
1898
1046
57
1045
2131
590
1387
1670
1405
1567
2222
1899
1001
261
503
233
1742
2091
931
672
2031
1158
212
324
991
6
1156
1506
1532
1088
1231
844
577
2280
1683
22
973
235
1523
2452
164
1550
2250
1107
1472
1146
1347
933
1037
539
1360
527
127
349
325
1392
1636
1684
1453
1448
2294
263
1114
1590
2465
800
1312
192
1960
1985
742
2317
1716
185
2027
299
2470
1484
1122
921
1800
1547
1832
2023
1789
1813
2124
784
2273
1705
1883
1450
2068
1604
1600
1897
820
1256
1399
2388
1144
2034
1149
1593
1215
383
1443
1888
2116
827
1986
1785
1214
2272
852
2351
333
557
2437
898
2313
2486
891
297
960
628
173
318
15
1870
2457
67
2347
705
2231
1190
2276
1806
1823
880
2173
896
1638
1622
359
276
10
1458
2244
2289
2001
2438
1946
1317
388
1148
7
2441
2448
2073
1124
585
455
533
29
1339
2053
2439
1624
1295
517
329
2190
2102
148
1608
392
2119
1098
374
867
986
1794
2458
1460
1513
1452
1695
1471
549
1436
1294
152
900
1248
684
1428
614
1642
1178
2071
1211
260
1848
72
2057
1809
2339
328
810
1451
1489
1075
1221
1127
155
1994
2293
2482
61
1681
315
906
2463
968
662
2446
514
654
1715
823
1836
1756
855
304
763
128
2301
593
1217
2064
1
1239
1855
350
899
406
2161
2118
2445
535
2373
2428
1747
674
1783
882
1646
1967
96
1319
747
217
1801
2376
358
2334
1310
1859
2265
1348
1475
2308
1488
2015
940
1689
2395
2274
1000
2257
271
1976
928
687
341
521
1398
925
1151
943
2366
113
168
2000
1004
93
2076
1326
363
1012
1929
1065
1625
1257
394
2055
2281
583
391
926
141
1269
445
2471
1213
1798
643
418
2139
2389
246
2172
2335
1023
1196
1426
1916
84
26
2176
2151
501
2207
1042
104
1672
2361
1583
257
1778
1561
251
479
974
1571
739
188
385
507
2096
1815
2414
1572
2449
175
32
1617
2405
1490
876
1240
357
401
1786
330
1415
602
405
966
1882
1566
2483
1718
2246
1594
1730
2292
194
1507
378
225
1155
2220
2270
2432
311
1244
1612
2495
1389
55
114
156
1330
510
2391
2319
53
623
1500
1811
1338
1988
1372
2062
1947
568
160
831
1281
213
1195
231
480
833
1675
283
456
656
2249
2461
1209
2497
1611
907
1796
187
1548
1469
1052
1324
565
393
2181
1887
112
1559
1447
419
893
1313
403
2494
30
1635
821
1993
36
1084
129
2041
1526
1868
1524
693
421
1501
781
1871
1435
670
1830
1236
2159
2152
1856
873
1350
16
1228
706
2370
327
1234
598
1784
2333
2485
38
1817
578
312
922
1762
169
487
2267
166
367
410
1582
1243
305
1421
1544
1099
699
2063
1626
1885
1230
689
2170
60
270
1162
2298
278
62
2070
620
1019
666
1876
198
2464
732
1710
2217
1461
537
798
956
143
1205
1394
439
1337
1470
2487
1438
1797
1008
917
1654
1288
2072
2340
897
1103
1201
597
2479
2098
2088
124
2079
1845
103
1396
2040
2133
1553
1260
556
1057
1226
1896
2279
1044
2341
2239
1971
1152
1413
158
915
1072
734
435
1697
21
1725
1109
718
702
1810
1727
825
335
1380
1493
508
505
1791
340
1496
722
627
24
1015
1936
1323
1374
432
2417
1852
362
2338
224
1588
1723
509
1895
1005
256
1408
1881
1208
751
1807
1249
1222
748
625
54
2320
2258
1519
34
2052
1095
1958
239
1495
877
1429
1906
737
2154
1631
1411
561
428
1972
2189
1669
764
1862
1025
1674
1618
778
1063
2422
596
1189
1266
337
1482
983
605
989
777
116
2282
440
824
1060
2003
2203
2109
869
2033
2426
572
1401
482
2221
2237
2117
106
478
2082
2430
1819
1858
816
2182
757
765
1199
2145
2381
322
157
344
959
2048
1432
2466
1564
2107
631
317
98
1235
1121
2498
1487
464
226
1633
1533
1283
1857
1552
2099
1177
809
677
137
1071
475
1722
776
1305
1934
2304
122
1700
690
919
2359
1157
1135
218
214
1467
1117
2164
179
1261
1400
951
787
761
1782
1352
2196
389
530
2349
1984
1180
678
42
20
262
1344
2085
423
626
371
245
1597
688
253
1092
995
2491
2084
1968
1003
692
2011
1939
1990
1031
1979
1040
1652
1143
1948
1981
1765
2087
2175
1016
1041
536
1181
603
660
1753
613
255
2067
153
762
442
355
1271
993
2455
1698
193
1048
1141
1111
172
232
607
1200
977
82
108
1788
1764
1849
547
190
294
182
811
279
1480
1431
663
1649
1894
916
2215
1220
769
149
204
1225
1736
2235
1527
1104
2185
23
766
1446
1091
1860
1123
1630
599
786
1067
2232
180
1183
1941
971
1186
2306
1943
802
2431
889
1586
908
1679
2054
920
2492
714
1658
1940
523
1167
1961
1395
422
1053
1479
1034
2112
2223
760
301
115
339
830
1463
937
2129
1485
199
704
2484
1165
783
2049
2141
1164
2158
1247
1304
589
4
2404
1745
1417
40
513
910
1093
1327
2234
2278
1911
813
320
1699
2036
2444
66
1734
302
117
1750
1543
1584
2387
1345
1300
1805
976
2453
1759
2327
929
555
2252
2418
1407
207
1409
817
914
373
1237
2435
885
264
1384
416
2025
2447
2467
611
316
1299
2424
1363
366
2416
2459
1086
1957
996
313
668
409
724
695
845
545
447
69
150
1757
483
1491
1254
1410
659
1755
2290
33
458
2077
1529
990
296
913
546
1085
1278
1537
1648
952
1966
227
453
497
230
2225
1854
2434
847
491
1771
1412
1766
195
511
1903
1818
2499
2184
1569
171
754
1169
1007
1378
957
2247
854
1726
1864
221
1498
1468
1980
107
1307
356
969
2256
2242
1106
449
457
280
1277
81
753
1629
2046
346
459
740
2191
1770
1320
1403
1483
448
1128
2469
176
532
1335
1821
1354
319
2240
1139
540
1014
268
2006
542
1962
1265
658
203
1983
288
