106
2198
248
1692
2449
1973
1198
846
333
540
203
810
924
1164
1394
2478
2213
1040
1510
1627
1948
1687
1188
762
1903
2164
616
458
1674
2342
1155
244
182
772
958
638
1117
68
379
38
1296
923
1895
984
1770
2317
1884
1855
1993
1285
1505
1032
219
160
1450
1216
2013
90
869
2312
1334
2084
2152
1455
450
360
2377
900
682
2285
1773
2049
626
1326
2307
2085
625
211
1645
447
1001
551
910
1714
1666
1247
2037
575
693
1321
1826
1209
992
1248
188
1490
1962
1675
31
1651
710
81
1558
492
2495
501
287
1178
1979
1071
972
2303
1324
566
1241
1885
943
1753
1290
778
2186
1546
1822
1491
1575
402
2207
1196
2066
490
1712
225
2102
1735
388
721
2024
1992
2098
2480
532
1105
496
2297
2357
615
1780
2193
550
1238
95
2155
1976
2484
257
1027
1165
1769
1383
678
1905
511
559
758
2173
799
1343
1076
554
1127
1424
2090
482
555
2305
1796
73
953
2277
1625
1840
467
299
2100
213
1346
807
1988
2219
2109
84
2039
166
1863
1476
1747
1638
1806
2455
878
728
1289
1932
821
1019
1889
1015
2012
243
265
2069
359
485
155
2405
484
1172
1390
2412
459
592
1881
1998
1706
2269
276
298
179
491
99
1619
1736
1813
752
1864
2064
1902
675
2439
410
322
2320
88
1966
216
1523
839
439
1086
2302
2078
1968
71
186
226
1756
1102
1448
2194
126
861
147
1492
316
1063
538
794
36
354
1980
1161
1087
22
217
1785
98
350
803
974
1729
294
1584
1602
1468
28
2289
2118
1509
2227
1922
162
1792
264
1608
472
1655
1344
1081
2476
180
1970
2251
2300
835
2099
308
535
476
895
714
747
533
1273
1051
1508
2007
0
1605
2143
1391
1626
1740
1561
1258
622
1920
676
1269
2358
621
2176
1265
2053
2287
122
1703
2151
2294
2442
1148
2184
546
1361
1775
2334
430
2096
1129
456
2191
1447
549
1443
1909
326
2051
305
2195
1254
1101
567
2003
2396
518
268
1090
1278
856
425
1381
396
864
1911
858
284
944
928
317
1429
1647
1646
1628
1554
700
1635
399
1034
477
645
1250
736
1457
169
1636
959
2499
2253
765
1987
174
2189
2206
1093
1875
1788
2230
2413
39
2183
274
2313
33
702
2428
502
1128
124
1303
1656
967
357
2494
134
1704
1898
1402
908
94
378
1928
1512
1607
67
1693
2378
1526
422
653
110
132
1419
882
1952
1760
2086
804
1057
1787
1309
1263
1286
1595
1168
5
275
1359
112
41
1316
201
2093
552
381
1964
1904
976
820
833
661
697
1818
954
731
2218
240
1411
1610
475
2280
827
1415
2332
711
891
1454
215
468
2202
1804
355
993
1991
26
1433
2264
1380
1572
1478
345
2429
1237
1858
2215
115
93
2387
618
754
2383
471
2283
1502
47
601
37
1103
175
255
2426
2038
1648
845
1177
1094
1445
941
2082
478
1887
1567
776
453
2223
1156
914
1274
2150
1275
964
995
1548
1260
91
1481
2214
1942
23
2462
1784
584
45
1421
1179
1540
1259
231
1396
594
1869
1643
2373
648
1640
732
125
168
1882
494
2485
1667
1556
1678
2021
395
2461
1981
586
547
2477
1277
2008
838
1622
2209
1601
2272
1231
1503
1801
822
189
146
2327
2382
60
341
500
851
926
1473
1029
1007
1467
10
687
233
1750
1364
200
497
2028
1276
2451
2081
826
434
1050
2371
1781
280
493
2471
321
1828
729
1472
1336
798
119
2178
628
194
1060
55
129
1192
2333
181
558
1042
2091
898
1059
662
2220
962
582
2187
235
887
2001
695
1242
506
633
2125
784
1748
1819
1545
283
104
1549
1041
1592
383
1798
230
1008
165
705
2270
1340
1763
528
1696
252
258
1423
1927
2281
2199
1999
1111
1789
1689
1261
1176
1393
427
205
503
2029
757
561
680
1493
1427
1466
1335
2058
332
1317
385
1477
2036
2226
642
1513
1726
1498
934
2050
1355
2254
54
1458
2257
401
2350
293
949
195
2459
2131
328
1373
982
1079
1342
2414
1422
792
386
531
488
813
1283
1603
2395
627
207
489
746
1366
1947
522
945
720
1515
2338
1946
1329
348
1221
817
367
1005
1612
209
1023
1416
1268
1152
1862
1541
1834
140
498
1831
2241
2101
1910
375
1587
1642
1886
2175
1867
659
1679
2370
271
1479
2374
1896
971
1901
158
1011
159
1175
433
2130
2430
2453
1873
1003
2113
1702
82
632
565
1385
2170
1204
1070
2368
486
1328
767
58
1749
193
61
2055
795
1921
1599
2196
1214
1547
2450
2103
2112
1634
270
790
911
108
789
672
2026
2259
1717
1337
2341
2290
2319
2359
1438
1033
163
1223
521
606
2488
1771
335
812
973
933
756
1816
1532
1462
1494
1184
302
2445
1500
2167
787
2246
1751
1945
210
1013
834
1745
2080
1975
1733
330
2324
2437
290
1012
1107
327
2417
57
1354
204
1710
1774
469
1052
832
674
658
1160
782
2403
563
1356
613
250
64
1414
2248
1915
562
2498
1181
1671
583
1810
952
2352
1797
1933
1049
1597
1724
2431
2279
2159
1830
117
1606
1725
1225
1711
2474
370
2467
1244
2315
1459
1297
2035
2127
1110
698
849
1186
1339
435
1425
157
394
1112
872
329
2030
1039
1553
1935
1067
1064
362
1995
65
855
387
1926
1530
1417
1369
1844
1
2046
527
1872
1061
2265
480
1266
725
1386
414
2197
1135
206
1659
421
1153
932
2366
694
2210
1565
361
1368
1761
876
2057
709
109
2318
1721
1879
1351
1441
1038
1520
442
2261
796
120
1305
1963
2145
111
312
113
423
2380
1624
2160
1132
1483
464
2072
950
448
1404
431
404
703
1106
2291
1853
1542
844
684
420
131
2340
218
870
223
1363
1010
1037
1730
1705
1418
1230
149
436
377
1972
1568
918
1298
1208
1398
2156
2115
239
42
74
919
1400
1348
743
1115
886
1978
400
2132
1310
2362
495
318
2136
92
733
788
2393
371
1300
1765
2295
2348
999
1460
660
913
579
2479
212
295
896
2401
141
1173
2031
2409
1815
2211
960
704
981
2045
1220
441
365
881
1934
1577
1923
196
1688
1664
438
75
2363
2033
2492
1684
353
604
2075
1845
344
2258
569
2203
706
1937
715
2192
768
97
2097
156
369
2208
1270
1573
2147
2381
214
1758
1890
1243
2129
665
2386
2256
948
1308
2457
1288
1825
2252
751
777
2168
573
2475
1379
83
173
2225
232
753
1446
1480
2472
382
2179
1403
1715
1088
988
1218
2411
739
2347
800
620
2040
2123
1623
2134
342
2005
1943
1527
1036
1843
292
403
418
1162
1716
2365
1374
1559
197
2094
178
452
35
138
2137
925
564
1292
1163
1983
2059
2356
1035
1185
1357
1389
391
2016
947
1031
781
805
462
1388
2420
1350
4
1360
1680
1392
2083
432
102
1591
144
121
17
1842
2237
446
1550
1299
390
536
842
593
730
994
824
983
14
1852
2482
1137
634
2107
2325
737
1938
2337
2402
852
282
2335
816
884
323
2309
1720
612
2490
1439
161
1614
451
1407
66
2224
1588
1669
2
7
2346
487
759
868
2481
595
2360
2161
1047
358
1330
1686
663
617
2353
2416
2171
2447
1463
368
1370
1078
979
307
545
415
1538
1412
1211
906
2201
249
366
2043
942
1284
1539
2288
574
1449
1331
1017
671
339
701
2314
1486
1124
510
1255
1718
291
649
1790
481
303
1043
43
2322
1620
1206
1866
3
1118
1581
514
779
748
184
2398
513
1996
1658
143
975
2240
1832
785
1475
1120
2329
2423
2440
2278
568
105
723
544
2452
1436
2441
1820
2162
760
2052
1096
529
815
2119
145
831
708
2286
965
811
2217
1662
1670
1984
2062
1362
761
1095
631
1800
1464
1287
1092
32
53
2308
1004
1183
1925
2260
1431
755
2017
1240
1570
192
1811
1613
1566
18
100
1245
935
596
603
1739
2339
1560
2088
1282
907
473
904
968
637
580
1167
2204
1919
1535
1312
1207
2172
1046
763
96
2126
1437
1757
912
2404
1194
1876
1504
1891
49
656
1930
920
408
479
519
530
1327
2047
52
2491
2321
1215
2276
986
2301
2153
411
786
1315
1874
19
888
2233
1030
1367
1794
1511
909
266
2496
1453
2095
1387
773
167
1193
412
2438
608
2432
2464
1497
534
1837
1833
819
2027
1766
1314
1320
1734
234
343
346
1961
681
1074
526
1318
406
2140
1799
1062
537
1754
1847
1576
629
417
1358
1126
889
1959
1306
1856
2169
1200
1956
509
2310
1812
646
1022
921
1219
1199
1737
905
2180
40
611
742
1836
2009
1122
241
1294
2228
591
1859
1147
883
8
600
76
78
1690
349
1616
1109
791
2148
363
2372
2104
2244
2120
2089
220
797
2433
1914
938
577
1232
2408
854
29
1744
1484
1522
2466
1345
1707
1578
288
2425
1969
2022
2063
936
2422
1224
1434
1496
1097
744
304
1857
133
1854
2331
2056
1487
2284
2006
607
1738
1731
2367
717
745
1442
652
2354
437
1776
285
1136
977
1848
1430
1133
893
1743
1870
1562
2010
1936
2454
1772
2135
524
2369
2114
1708
1907
236
850
1965
62
2483
1955
1985
1435
1002
837
1397
470
860
1767
336
2222
724
1347
1134
150
1685
614
2234
719
922
951
1950
2019
1786
1533
267
1661
874
1489
623
1967
2182
2397
668
2166
1563
306
1280
89
1683
153
978
185
1846
1149
2020
2262
1929
1593
1169
301
2141
1249
2061
740
808
416
2465
2311
2364
1159
2448
1880
440
655
750
1006
429
1409
2018
2336
1217
1016
1918
1048
2138
801
1020
2306
455
602
1377
1940
2247
1783
1960
1579
1518
183
281
1371
1082
1631
587
696
136
2154
1465
539
259
937
1817
1100
1257
279
1893
940
1997
512
939
1053
87
1598
2385
334
331
989
841
2060
1338
1589
1304
840
2249
1141
2400
2238
1537
963
2041
1641
1395
1408
1420
1142
85
2470
902
1633
806
1091
1632
1528
1908
1426
2076
1323
1143
2243
980
848
116
2436
1065
1850
2296
389
13
1746
699
957
2376
508
251
1203
48
734
352
647
716
1615
556
726
1405
770
1777
1534
2216
1877
2079
253
2146
340
2067
1652
1802
2427
2200
1803
190
507
543
504
2054
1778
1026
830
2323
873
1072
871
997
398
2468
1657
2268
380
1322
2473
2316
1618
1888
1629
1281
1665
1894
1123
548
677
1821
16
1723
409
1131
1125
1495
1365
466
198
1028
1668
1228
1307
44
1949
171
1108
1650
15
1681
461
727
1130
2174
1104
1313
1536
228
581
847
738
1083
927
24
571
1808
1166
2266
2181
1085
2142
610
557
1469
688
1068
1868
741
1851
1139
2419
1189
1931
1755
460
1571
1795
1432
1713
766
1525
1990
137
2015
1594
2375
542
1971
644
2460
1883
2298
1924
21
2255
1116
1440
405
1529
520
351
2221
1752
1018
609
27
2105
2406
712
2292
1384
2165
639
2111
1154
483
961
836
2023
1262
1461
1653
2263
25
1089
2025
1709
1917
2116
899
692
2128
809
2415
208
2497
685
875
227
1916
310
1762
651
1682
1809
862
46
80
1174
679
2299
956
278
1741
2074
2391
256
1958
2229
2044
2231
1474
2011
419
101
1701
1517
314
392
289
1849
413
1694
2117
1080
814
245
667
51
1611
79
780
1814
2361
86
1954
1114
1779
1660
1501
1543
2273
818
2344
1871
1569
1077
1470
1827
1722
164
1953
1793
707
2351
1205
1251
585
828
1341
1488
457
771
176
1151
1860
630
1609
364
1157
1456
2177
107
1121
142
598
1482
152
2163
1519
177
2108
1044
2443
1144
1639
641
517
254
1583
424
1524
553
2232
1229
624
2469
689
237
11
1256
12
56
1055
6
1564
1058
1197
1014
272
170
1838
262
2343
643
1590
1145
1600
1264
877
444
619
2073
523
1941
1054
199
1301
2242
2274
296
2487
300
1378
2212
589
2070
2149
1900
1170
1227
1865
570
286
1069
1171
1841
2410
664
454
1719
1293
1009
2444
2493
242
261
1507
2345
829
407
987
1353
1604
1352
2390
1899
1698
802
2489
2124
1912
2032
309
2042
931
1944
1727
202
1451
670
1253
2190
2239
917
859
1375
1782
1974
1212
525
1302
2110
50
1406
337
373
1994
2235
1084
2418
1621
1649
315
2389
445
2463
863
1233
654
2392
2133
1977
1986
1673
955
30
72
1428
2144
2355
1630
172
1677
187
2077
990
1951
1700
1805
578
1222
576
320
1226
1691
70
2000
191
273
2188
1099
865
2458
1861
2071
2271
2384
1311
1210
2399
376
2185
1413
916
2087
2002
263
1485
1839
505
465
1835
1823
154
1319
775
463
1989
879
2004
426
998
2388
1075
749
2267
2349
1759
1024
930
1596
384
2421
650
1732
929
1913
1271
1892
1000
590
356
985
2435
229
1514
1236
1187
2275
541
2326
393
1551
2245
1586
1180
69
1246
1531
2250
1878
1113
2158
397
374
2092
640
1272
853
2379
2014
1544
2456
1333
1191
1025
1235
1021
1267
103
769
1158
77
114
313
669
970
1119
722
691
1349
894
1399
1939
515
825
128
1190
560
1332
2446
843
59
1234
324
269
1557
866
1957
897
1098
246
901
636
1742
2065
1444
1676
1376
1574
1552
735
224
516
1471
2106
474
2394
2236
572
277
1582
885
2048
683
1066
1073
34
2434
783
338
597
1897
428
588
2205
1764
297
966
880
686
499
1728
311
1146
1252
20
260
9
325
764
1521
347
1195
127
996
1637
1325
1906
1516
63
151
1824
1672
1295
1695
1452
148
867
2330
1140
946
657
857
823
1829
2034
991
1213
1654
673
443
599
2068
2407
892
969
130
1372
793
605
222
1617
449
890
666
247
2424
135
903
1279
1807
123
915
221
1663
1585
2304
238
1291
635
118
1382
372
774
690
1982
1697
1182
2139
1239
1644
1045
1202
139
2486
1138
2328
2157
1768
1699
1201
2122
1150
1580
1401
1410
319
1791
2282
2293
1056
713
718
1499
1506
1555
2121
