1866
787
2361
2370
617
2044
2071
1365
1467
511
2161
1130
2421
734
1988
816
2076
733
1689
1876
138
486
943
1262
1708
818
508
2175
738
2396
540
1404
775
794
2032
2140
2438
2466
1510
1672
454
1389
866
653
2398
1564
188
1377
972
2489
154
1035
1278
1018
1342
1796
1745
2373
1575
953
1516
2194
288
1080
407
2036
919
496
1524
949
4
1492
307
244
422
2285
1966
303
201
1042
581
1187
1353
2444
2207
2245
2469
494
1995
2261
436
2356
1043
782
1931
2045
1393
569
2243
1002
1481
638
1163
981
2220
2138
376
1009
2456
1001
1234
1079
254
1531
1423
1436
322
2410
2411
793
862
2475
1977
527
106
1802
2052
974
412
1041
979
1034
1203
647
478
313
1506
1474
1837
172
80
2409
152
185
1822
395
1313
1932
1515
1684
2280
1769
1209
141
797
1709
390
2201
2146
1580
242
968
1334
1244
279
2403
1636
1940
1576
928
582
2353
2216
1563
2450
1285
168
92
2477
910
1027
838
1736
1405
1606
1491
467
783
437
696
1008
1427
831
2435
1695
492
1219
17
85
730
1895
2106
587
2018
1075
1874
676
620
1116
352
1867
813
2401
1352
683
1386
722
1172
2107
1717
1917
1583
944
429
2487
2025
1905
1105
1984
1247
2157
2354
206
1120
2139
1022
1999
461
1205
2226
463
2290
2179
336
2196
1392
2202
1253
1903
811
97
2057
249
845
1384
1302
2437
608
1992
1044
2078
72
670
1428
1329
276
1180
580
880
47
414
105
1663
1273
1359
335
133
1109
2491
1382
644
387
2
1615
1634
315
1920
618
425
2468
986
1669
1297
101
1162
1484
716
1500
1161
839
1498
1236
1584
1538
900
368
1865
826
622
1730
1603
765
689
1059
2141
1662
1077
1185
1097
240
2272
1970
1569
360
339
1820
2264
1621
1124
26
43
415
1363
781
205
938
400
1838
15
440
881
2084
555
1914
1749
2305
2416
539
356
1656
2079
514
2199
1934
1214
439
1347
635
1364
1734
2242
956
1057
2230
1375
1772
1294
1037
1004
601
1752
790
1952
2015
359
1846
1848
157
2486
2221
2148
1486
1094
1119
2310
1775
1348
408
1594
2132
329
79
607
1643
1665
869
573
988
2051
2391
693
1836
1320
2481
1476
678
2160
1801
159
1255
1388
837
1830
1640
1444
2395
1296
2067
1246
861
46
697
1258
2186
1607
921
1139
564
1646
285
1790
1290
1642
2101
2193
1337
8
2026
2127
1031
1509
1149
214
687
304
2270
2197
1204
1810
715
2214
1864
982
755
648
74
898
1106
1729
642
1060
171
1786
2137
558
940
916
1005
50
1706
2158
2055
2446
2144
1612
1074
769
2249
202
2003
575
1605
1968
1927
1489
2470
2319
2200
1560
1994
624
966
1505
266
1355
2383
1855
302
547
851
2225
271
1282
1231
1578
761
391
1029
430
2123
358
913
1151
250
876
243
1901
1973
217
2382
1254
2492
773
850
2096
299
1764
1892
2016
1707
827
1686
990
1437
1800
22
2390
2464
1546
609
896
163
245
1824
165
605
340
317
1410
444
1122
1559
1284
1032
1104
2112
598
2283
661
541
1019
377
1216
1192
2247
2292
1660
67
631
1731
599
2375
386
1525
672
2012
934
1127
410
1832
1238
196
321
1696
2189
1226
1545
1222
348
885
55
251
571
446
1650
286
394
846
361
1840
143
1956
1442
378
568
724
2077
2126
1385
1292
1431
289
1530
1957
2461
1590
1190
176
193
2324
1936
1777
309
1939
1614
973
933
662
2351
1121
2109
1321
1859
287
363
1383
161
1396
344
504
259
1872
1793
448
1098
752
2349
2237
2205
721
96
857
1687
2374
548
404
1416
705
682
122
312
298
501
1849
2059
466
720
2181
239
1356
370
487
1379
297
1748
337
763
1426
2143
743
2000
2185
1084
2430
1891
1727
2277
1000
2131
503
460
596
3
1520
2449
1370
969
1907
1854
1679
817
1884
1239
744
976
1595
1835
1904
1210
1918
89
447
1309
284
1250
1638
2490
233
382
1562
1916
308
2274
1632
544
912
737
2338
627
2420
2256
2355
1033
1983
2117
1144
1137
1589
1101
1938
1784
2306
2171
1414
1755
1617
1092
836
1483
464
2473
1507
563
1747
810
2087
319
925
305
1371
629
2053
1625
500
2206
2428
1733
1459
1908
1123
1132
2263
270
136
1823
71
1039
145
920
1789
462
1900
2066
570
2344
1847
424
1188
2251
1878
2235
1408
1579
1179
268
1616
2080
1305
389
639
962
1841
1890
1477
2325
804
1514
551
484
2134
822
2049
2040
1863
1117
469
1645
226
90
987
1508
915
2385
671
2322
1961
366
612
1661
600
1280
306
64
2062
381
1671
1981
935
2133
2184
870
16
872
1441
718
58
829
1323
1118
623
1754
507
1704
1532
2090
77
2145
1318
256
2120
1189
914
868
1658
1693
1147
2257
1965
906
1312
1390
180
215
1125
1131
802
1652
1539
1155
1322
2460
1174
1501
1504
771
1870
139
805
1071
265
955
2312
2241
1069
654
1697
1915
1976
1270
1186
1726
1014
833
420
1738
208
2159
1193
2493
2284
295
2455
2163
764
821
1360
2452
475
1554
1330
2323
2152
151
559
725
488
1888
1445
1997
2397
1682
2330
2393
292
1812
2463
1111
40
1919
1664
1411
1007
1317
1466
1103
2128
470
909
2298
1998
11
1673
13
140
685
1974
1953
1600
2341
1490
1288
1925
993
1842
545
1628
365
930
158
1325
272
2024
585
1794
1702
2359
78
1070
2218
2073
483
751
1771
2439
162
1851
1021
1852
1880
2350
2436
1948
1289
1328
2363
1471
178
1609
645
1213
2027
1853
187
388
1298
247
379
1763
736
590
1765
2088
542
1457
116
1586
727
9
2048
1138
223
1523
2061
1533
1274
991
2253
479
2222
115
2483
704
1479
1369
1243
989
531
1028
1417
983
2304
2478
2115
877
401
2203
1470
942
1281
2441
1156
1242
1054
1395
310
1089
780
396
952
505
1735
1608
399
1701
1767
1017
1175
6
1136
118
892
1403
1897
238
45
1803
506
2458
970
2011
675
859
1923
275
1753
222
1774
1440
1178
1448
482
2228
841
1773
333
1291
567
2064
621
468
182
1698
668
1336
1681
917
2229
926
2423
924
417
1986
1085
1879
397
1543
2271
2471
403
1728
1494
2035
481
864
324
2286
640
1463
497
2321
290
729
2213
2331
1740
498
2058
806
1397
1817
560
1134
2086
2342
1935
1676
166
1050
433
1825
1303
636
1719
1052
95
789
2255
594
1235
1449
768
175
314
745
2081
1256
2414
960
230
951
1972
1154
372
228
1647
950
392
2314
2006
1199
416
537
1152
1086
1306
1798
1651
2318
754
123
76
1639
2153
1076
177
2406
2301
1268
785
320
852
413
221
1047
343
84
374
2328
1955
2124
1394
1746
1544
131
1286
1930
767
353
1128
2219
1201
1971
1535
2069
784
1023
1061
2208
1332
1716
1844
1218
1469
1141
665
2388
1170
38
457
132
1454
529
2169
354
1240
258
52
2376
1597
1964
1056
458
2060
2327
109
331
2307
1573
712
1960
1036
1565
1212
1571
592
1099
1806
1873
1781
1110
815
795
224
2028
1815
1889
190
796
992
383
1349
626
1518
1690
759
83
1496
2447
1828
691
664
1826
1458
1557
2047
1635
2480
2365
996
128
1406
1324
2182
2019
530
2176
887
2405
1757
1421
602
2156
2498
625
183
809
1265
2236
328
918
1400
1688
1587
2347
904
120
1245
2389
1046
776
1623
1649
1845
283
1126
657
121
584
2434
536
995
2345
88
1629
798
1503
1860
911
709
2004
762
144
512
301
362
330
788
1721
604
2433
1898
1969
1881
2445
1947
338
1537
225
742
1596
160
2407
2151
1346
195
327
326
907
1453
263
148
373
119
1381
1541
894
1942
1750
2386
1344
2294
2368
893
493
2371
1058
1588
882
1985
936
728
1051
772
1799
1472
2070
1548
369
905
957
984
2334
997
423
2313
633
677
2451
2320
1422
449
681
2288
1611
2010
538
1522
2240
2418
323
692
146
2072
923
959
1912
800
2092
1577
2399
2367
1378
2050
194
1526
2425
1742
200
749
1929
2098
702
1425
125
994
318
748
1314
2085
842
519
357
65
2195
2130
107
260
1207
726
2108
2495
248
210
1622
421
2302
643
1276
252
703
1670
891
889
1340
2005
840
1668
2187
2442
235
1026
75
480
1677
646
2190
1160
1081
1221
87
2038
2454
18
1272
170
1263
1223
29
1921
455
1434
1182
1165
552
1713
1399
1705
1885
1759
1913
828
1680
1010
2260
1362
1703
679
42
1435
708
1683
770
1225
2074
102
1987
293
834
1797
975
843
1003
732
2054
1570
1202
2479
2198
2149
1451
2100
577
1438
1295
2413
2426
1591
111
1528
2281
1464
37
707
985
44
1145
945
2282
2276
117
2287
2103
641
520
1229
2180
1493
2135
2443
2417
1252
1277
779
2484
1450
411
2021
1819
1452
384
812
236
1183
593
2065
1407
2340
1241
1096
1517
603
578
346
257
1333
595
890
1316
1215
865
2297
753
1582
589
1993
1184
2497
1095
1637
2262
73
2278
1821
1741
2082
1164
1140
899
1016
1338
546
1899
2402
699
2377
2379
2293
556
858
100
1112
1465
553
2154
1868
1809
1834
2269
1171
1602
2357
465
1233
746
1361
91
1714
2499
1674
819
2343
126
1251
1066
922
1259
1598
2089
476
406
2023
2142
1173
1911
2494
1462
1049
650
1020
21
2392
611
2316
1401
971
419
964
1739
1513
2224
2465
2114
2223
1100
1804
1624
207
2029
2136
1924
2476
1153
2329
663
1181
2102
515
1751
1861
213
61
698
1619
473
1561
1078
342
610
1604
961
1091
1038
153
2296
844
1512
1304
1982
1146
2317
1447
2155
1833
1482
673
485
615
1331
1962
2129
142
824
2333
1419
186
908
2308
863
616
1558
441
1756
1197
792
1415
1196
179
0
367
591
700
477
873
1882
1808
2267
1550
99
588
1264
1439
1067
958
1261
1875
2056
820
53
2037
1979
2459
2380
2364
766
1723
1926
1260
23
522
48
2147
60
1480
261
296
619
28
513
1737
1655
402
1685
2033
1791
565
814
1967
7
1412
269
713
2432
686
1429
1345
1990
2326
799
209
1
1827
1762
902
1108
2431
1350
1555
886
2170
741
883
1048
432
1433
2266
854
1943
94
110
747
237
2097
2429
2046
1760
1766
2167
999
41
1102
1013
835
1829
1631
1975
1991
1782
628
294
1720
1487
345
1373
181
300
1795
2250
32
1839
630
2178
274
231
931
199
1148
103
1909
897
1030
1620
2337
1300
1113
680
1644
1724
418
316
1024
524
1910
1062
5
1090
2336
1194
1601
1283
1211
719
1552
980
2252
2063
1818
1886
438
2279
2440
2125
1257
1718
1473
2173
1063
807
54
2332
98
1527
823
1502
1424
56
1667
2394
398
1542
1088
2427
2300
526
1659
431
1327
489
1065
853
1249
68
1446
731
1593
1315
211
888
472
533
695
2233
1633
1398
521
2068
197
262
1883
2467
1354
2244
27
932
946
1083
155
93
156
1980
2378
1553
1949
756
278
1053
490
875
66
517
1715
1788
929
965
967
130
2248
1402
2424
1770
1540
1068
1581
1195
2209
1641
2001
1326
549
350
1678
1951
351
2289
1432
1499
1167
434
1461
1776
1275
1093
2008
1055
174
1497
659
2472
1783
1478
2111
435
1511
2422
948
1869
1133
694
1666
1599
669
198
1712
574
253
2369
232
1779
2412
1413
2315
1700
203
450
2258
427
1653
364
1045
1366
2017
808
1871
2166
740
1928
2007
2099
2381
832
1135
147
1858
1157
1534
1780
1073
583
1267
1455
341
2265
1692
453
2415
456
1592
2384
688
325
1906
667
1699
2309
62
1902
1922
1488
280
1409
1529
405
12
2400
1299
634
947
1040
1311
70
1443
954
2030
655
1430
1343
1166
2485
2217
735
1339
2188
2105
134
2352
1114
1996
1015
1626
579
264
1941
1191
173
1456
1142
1307
385
867
1357
409
452
849
426
1220
825
2303
1574
2119
2295
2408
428
1963
49
895
59
1006
14
2462
998
355
1761
241
2183
534
2482
246
2366
561
1945
1549
1064
282
474
1227
1266
1536
1585
2372
879
2104
149
1158
523
2268
371
1959
281
717
2211
1279
701
1610
758
2215
1475
349
710
2457
562
830
1675
2043
1843
393
1287
1710
1758
1937
1568
459
778
1418
81
1387
39
649
739
871
1372
1950
1613
112
2488
1933
234
554
860
255
652
164
2419
35
1269
375
204
311
267
903
192
1725
1308
20
1744
19
848
1169
572
535
2121
1556
1768
613
723
51
674
471
2254
614
2212
2083
1341
2474
1391
10
2093
1495
1200
2116
127
597
114
2168
1566
2172
218
137
1958
1567
509
1351
666
2110
1485
1368
31
229
1657
2231
2496
1115
1807
1521
2174
495
2448
525
2246
1691
978
1944
2013
167
1319
1248
2165
227
786
651
803
518
1293
757
1785
2034
1143
2031
606
2362
510
1420
774
1811
878
332
451
656
2042
2346
1547
2404
2275
1206
135
557
1107
1011
2009
791
2075
1271
941
1732
291
927
491
1989
189
637
516
1627
1129
1519
1224
1856
1831
34
937
528
1150
273
2177
884
334
1232
777
1335
2192
586
219
57
2311
499
566
30
191
2291
220
576
24
1310
2002
1778
2022
1711
124
2039
2360
2227
1743
113
2335
1380
1208
1887
212
2259
1237
750
33
380
445
2210
216
711
1978
1805
1025
129
1896
1954
2339
104
2358
1301
1230
1648
963
2094
874
2191
2273
1367
1894
2122
1012
184
1694
1792
2014
684
1551
939
82
847
1374
502
1787
1814
855
2164
532
1468
856
442
2041
1946
690
1722
714
108
760
1177
2453
150
658
801
901
1198
1072
550
660
2020
1087
1217
2299
706
2234
1813
1654
443
169
2162
2095
1572
1877
2091
1159
1850
1376
1630
1893
1168
2113
86
277
543
2387
2238
2150
1082
347
1857
2348
36
69
2239
1358
1862
977
1176
1460
2204
1618
632
1228
63
25
1816
2232
2118
